-1.70455508689557255763702414697036147117614746093750
-1.36655440238406811204185942187905311584472656250000
-1.21994028781408392347884728224016726016998291015625
-1.12583507957457085169039601169060915708541870117188
0.37540255801003452607034205357194878160953521728516
-1.07667796157519979338701432425295934081077575683594
-1.66388616058271576747529252315871417522430419921875
-1.26635837248067728566525147471111267805099487304688
1.04692591169813553619860613252967596054077148437500
1.28025414396629311220010549732251092791557312011719
1.59762249942997769380781392101198434829711914062500
2.60089498489892267940604142495431005954742431640625
-1.90682789275830888442442301311530172824859619140625
-2.23120677146574397653466803603805601596832275390625
2.18531140628527564828686990949790924787521362304688
-2.28838334831096812393980144406668841838836669921875
-1.97136245008181543170167060452513396739959716796875
-1.80216030430921825278289816196775063872337341308594
-1.75941283366202894100638332020025700330734252929688
-0.34285463892985157396964268627925775945186614990234
0.04661022670071855028561813583110051695257425308228
1.30799001844218754087023626198060810565948486328125
1.68970536471602184036555627244524657726287841796875
1.58128020549143455397711477417033165693283081054688
1.81807253899229959159811187419109046459197998046875
-1.44893662670123890556794776784954592585563659667969
-1.29828593167057615431758677004836499691009521484375
-1.48764751688774943261250882642343640327453613281250
-0.97199576033524048845890774828149005770683288574219
0.73053380521507238487544100280501879751682281494141
0.53383914359010176120534652000060304999351501464844
0.71227703088479943360766810656059533357620239257812
-1.06405732132631225539398656110279262065887451171875
2.77051498482550062618656738777644932270050048828125
2.56777895365636554814159353554714471101760864257812
2.22628912682738144823701986751984804868698120117188
1.97366389979620793226899877481628209352493286132812
2.22875810376295691028758483298588544130325317382812
2.21624187389287108373991941334679722785949707031250
2.55480594523890847113989366334863007068634033203125
2.50458801326416979904365689435508102178573608398438
-2.75438198258795052808522996201645582914352416992188
-2.58966948071210500970096290984656661748886108398438
-2.28378323298413565822784221381880342960357666015625
0.68864475733492458431328486767597496509552001953125
1.06030757770320605004599201492965221405029296875000
1.29970078810757083687121848925016820430755615234375
1.15477777533460113090768572874367237091064453125000
0.87301454650072141117078672323259525001049041748047
0.43667867772284552074779639951884746551513671875000
0.64627473890540954037930987396975979208946228027344
-0.79981089726551601870596641674637794494628906250000
-0.53660832451929973974102949796360917389392852783203
-0.79258569259616984403749029297614470124244689941406
0.18949940798060938007552067574579268693923950195312
-0.70066881027816618754400224133860319852828979492188
-0.94493243254062520009028958156704902648925781250000
-0.91002183621674070934659539489075541496276855468750
-0.79331498506279096716298226965591311454772949218750
-0.79999785648027121887082557805115357041358947753906
-1.10301010894890927360734167450573295354843139648438
-1.06141664120754430911119925440289080142974853515625
-0.68459559280136728087740038972697220742702484130859
-0.37594059785310035559646735237038228660821914672852
0.55605235677562070417678796729887835681438446044922
1.12538807709779486998513675644062459468841552734375
0.87380307049936412067125957037205807864665985107422
2.18632006198277251129979958932381123304367065429688
1.65454032621458213547782634122995659708976745605469
1.80418283318699046446909051155671477317810058593750
2.50708099809899431775761513563338667154312133789062
2.76285650162354734504788211779668927192687988281250
2.59132567545929770602697317372076213359832763671875
1.95764501074472230257583760248962789773941040039062
1.70864663520752513292677576828282326459884643554688
1.35704082043328888573796575656160712242126464843750
1.54526121183640929857006085512693971395492553710938
-1.16133289677574880194299566937843337655067443847656
-1.39168223399408308438296444364823400974273681640625
-1.38036175069913769064555708609987050294876098632812
-1.30711573482123677436561592912767082452774047851562
-1.76012630613720078009976077737519517540931701660156
-1.70189251680462549920491710508940741419792175292969
-2.77353178098927433126164032728411257266998291015625
-2.59221725949913528452839273086283355951309204101562
-2.53229102555797158657924228464253246784210205078125
-2.24278280801613760786494822241365909576416015625000
-2.03754683884073184430008041090331971645355224609375
-2.05392486902686766114811689476482570171356201171875
2.25847933225345576246922973950859159231185913085938
1.85271239003915377807629738526884466409683227539062
1.83287238301777333226993960124673321843147277832031
1.44357106217733699438099392864387482404708862304688
1.37881363813331692114161342033185064792633056640625
1.38177681186728040785283155855722725391387939453125
1.59244963847992004879472460743272677063941955566406
1.73271493098988638159596575860632583498954772949219
0.48906285485193512485579958593007177114486694335938
-0.04032763274640014522498532301142404321581125259399
-0.36447362294163765383814279630314558744430541992188
-0.25730835811429575432640604049083776772022247314453
0.06194436909915800038017863471395685337483882904053
0.12651735757233653623110569697018945589661598205566
0.24166995427452464539896936912555247545242309570312
-0.86571654172159762108407221603556536138057708740234
-0.91819567795099721330132069851970300078392028808594
-0.74703590191697988309726952138589695096015930175781
-0.68286574890291196204827883775578811764717102050781
-1.10903473858190304568438477872405201196670532226562
-0.41036518936346910724211056731292046606540679931641
-0.53822083792129138402060561929829418659210205078125
-0.58894444882069463265139575014472939074039459228516
-0.27026917323473698129276954205124638974666595458984
-0.07420383907240622745060676379580399952828884124756
0.28920283388588374773320310850976966321468353271484
0.45941904792409177238354800465458538383245468139648
-0.10805817808147946679220297028223285451531410217285
-0.65837156452884104673728415946243330836296081542969
0.81492281292326396169301006011664867401123046875000
0.67560998649421810657855758108780719339847564697266
0.75448580085903527159274517543963156640529632568359
0.66378761984035894450073556072311475872993469238281
0.90393903416353837965147022259770892560482025146484
0.95255367957390790767391308691003359854221343994141
1.24651829539776404232043205411173403263092041015625
1.32371455102333723807817023043753579258918762207031
1.17038215177463733596141537418588995933532714843750
-0.00856812033715931981037172704418480861932039260864
0.18348212831795759902853149014845257624983787536621
0.08521526368158766073790388873021584004163742065430
-0.01095842990688533982734931271352252224460244178772
0.18838144418819319225733011080592405050992965698242
0.38105742690625765689560466853436082601547241210938
0.76393065151443695359745333917089737951755523681641
0.67692022437904642018224876665044575929641723632812
-0.40655412130335588649643341341288760304450988769531
-0.60744083043002516930641832004766911268234252929688
1.41030158238234215595241494156653061509132385253906
1.56917577707000921449775887595023959875106811523438
1.84936537709632231596401652495842427015304565429688
1.89856209271877118816007623536279425024986267089844
2.14097110738829599085875088348984718322753906250000
1.96345456394353146123421538504771888256072998046875
2.28203376645000766131943237269297242164611816406250
2.16330762700528689279622085450682789087295532226562
1.95735249671881494926140021561877802014350891113281
1.77355591056696315632734695100225508213043212890625
0.38041955147408235138328791435924358665943145751953
1.21122204847112024950206432549748569726943969726562
1.20394626746161526043010780995246022939682006835938
-1.30958275703887405683190081617794930934906005859375
-0.73469552189441489353782799298642203211784362792969
-0.69344819219597386705800090567208826541900634765625
-2.28565829517585950014790796558372676372528076171875
-1.90430505455202858655638920026831328868865966796875
-1.97936319434131857697423129138769581913948059082031
-2.17746459912416501225607134983874857425689697265625
-1.42801277369081924817351136880461126565933227539062
-1.40757513338224882204485766123980283737182617187500
-1.80419313032909123251101846108213067054748535156250
-1.72605064576505951023932539101224392652511596679688
-1.51245735660737778971451916731894016265869140625000
-1.87327659105142219075901266478467732667922973632812
-1.86403312525784570219400393398245796561241149902344
-1.73074119613598043088131817057728767395019531250000
0.84594845859949296951185715442989021539688110351562
1.69427113256052086498470998776610940694808959960938
1.62698753116394767559427236847113817930221557617188
1.46459105447770210339797358756186440587043762207031
1.69192211787758917118651424971176311373710632324219
1.83288440490542625660452813463052734732627868652344
1.92947893263388525753043722943402826786041259765625
2.13280382047322225602670187072362750768661499023438
2.20987466015451117229417832277249544858932495117188
2.01794738868070888671013562998268753290176391601562
1.84428202127096074747214515809901058673858642578125
0.65464440920950894842178513499675318598747253417969
1.21756417842068209722583560505881905555725097656250
1.32407897588858314286142103810561820864677429199219
1.35635539237910185406121854612138122320175170898438
1.21331606915437673066548995848279446363449096679688
1.21498099721811203544064028392313048243522644042969
0.40687125287844366772205262350325938314199447631836
0.50380138412652186730156245175749063491821289062500
0.82178605759847611622603835712652653455734252929688
0.64743042713225396056486715679056942462921142578125
0.72710973139280921095917165075661614537239074707031
0.63766383067589771371785900555551052093505859375000
-0.62316029945366646636273344483925029635429382324219
-0.44063959228552873614859208828420378267765045166016
-0.55356896737057115220892455909051932394504547119141
-0.65095291971490298887914605074911378324031829833984
0.67798566675270088843774374254280701279640197753906
0.74532279485179497857672004101914353668689727783203
0.48323603045114671417081808613147586584091186523438
0.37635041835360494300033451509079895913600921630859
0.56797441236041423806568673171568661928176879882812
0.52534609734331527697293040546355769038200378417969
0.34443592825677388225003028310311492532491683959961
0.40869322533721680335005999040731694549322128295898
0.09284547006347886044519412962472415529191493988037
-0.09697029179822171107705486292616114951670169830322
0.09382963551996409412581101605610456317663192749023
-0.00126761764607870308640968914914992637932300567627
-0.00473736158329629911123426211361220339313149452209
-0.00329312974055284354846229177837813040241599082947
-0.09801163843621063520572533889207988977432250976562
-0.00060328746037779934496825262613128870725631713867
-0.09530598074797112795319975475649698637425899505615
-0.99752751679344564550433460681233555078506469726562
-0.97570644348681201396544793169596232473850250244141
-1.10952587907915778409062568243825808167457580566406
-1.18397002440756393681908775761257857084274291992188
-1.02997520651425178428439721756149083375930786132812
-1.12889087527565590285405505710514262318611145019531
-1.06288923463780360378905243123881518840789794921875
-1.15915445327284327703409871901385486125946044921875
-1.26610421420829988292666712368372827768325805664062
-1.26345376408193565964666049694642424583435058593750
-0.76808240855813891823089534227619878947734832763672
-0.58890773569659926600650123873492702841758728027344
-0.66389696623786842444303601951105520129203796386719
-0.57516972264721311081103749529574997723102569580078
-0.84491794472397818704934024935937486588954925537109
-0.86951468213624127923111473137396387755870819091797
-0.77444132841680546341933677467750385403633117675781
-0.72826865548051045173849615821382030844688415527344
-0.68399389914592112482694119535153731703758239746094
-0.56223633414159768229012570373015478253364562988281
-0.65829641119573656382613080495502799749374389648438
-0.93946407373050233591271762634278275072574615478516
-0.85086463805099221691108368759159930050373077392578
-1.11069842781740879544827294012065976858139038085938
-1.11727088772404181682418311538640409708023071289062
-1.01918326118433055782475094019901007413864135742188
-1.01620208715915305575094862433616071939468383789062
-2.16978025738965829560811471310444176197052001953125
-2.50066395970238719570488683530129492282867431640625
-2.30252487436818675803351652575656771659851074218750
-2.59556190156082156050842968397773802280426025390625
-0.57302216776259196073795010306639596819877624511719
-0.52546795931918843791663675801828503608703613281250
-0.65322576864483083980417177372146397829055786132812
-0.77185553233199577505274646682664752006530761718750
-0.53029912874269347078381997562246397137641906738281
-0.45468663665281078278823656546592246741056442260742
-0.63360557642359438546009187120944261550903320312500
-0.44092752950936897615719090026686899363994598388672
-0.52823349321627299790549159297370351850986480712891
-0.82338689404306175667613842961145564913749694824219
-0.72247574899332056563849846497760154306888580322266
0.02937347459209654204626005480349704157561063766479
0.07350687770536024068235292361350730061531066894531
0.37025430074892451415280447690747678279876708984375
0.27757743075264151855208183405920863151550292968750
-0.21266677326684704785186852404876844957470893859863
-0.09458918122685325280407653281145030632615089416504
-0.30977827297801679984345923912769649177789688110352
-0.09213010198243642978610523641691543161869049072266
0.57682507290477902373027063731569796800613403320312
0.57058819773903435290662855550181120634078979492188
0.55982757019373630136271913215750828385353088378906
0.56351532407702209503952417435357347130775451660156
0.08836740501834505767675409515504725277423858642578
0.18424396008498897248095715895033208653330802917480
0.09017451713441168581475437804328976199030876159668
0.18715472310186945237298061783803859725594520568848
0.28224756949222246094066690602630842477083206176758
0.28335122039303628493911446639685891568660736083984
0.47616258478921091867874793024384416639804840087891
0.47699424219025654547721160270157270133495330810547
0.38118900637845753998078635049751028418540954589844
0.28470952095155988015307002569898031651973724365234
0.28484331928749084816843151202192530035972595214844
0.38049114731334282568653293310489971190690994262695
1.10739064948562537793463889101985841989517211914062
1.00060165009839763250454325316241011023521423339844
0.77588726830206322659932993701659142971038818359375
0.89256425043604203928282458946341648697853088378906
0.88995232540487523298367023016908206045627593994141
0.67066000147425219868324575145379640161991119384766
0.88203028633489799492650718093500472605228424072266
0.97645976793243904889862960772006772458553314208984
1.09243292309928863303980506316293030977249145507812
0.66851728792662890032971745313261635601520538330078
0.71617380148250187055225524090928956866264343261719
0.76750767958869525742215955688152462244033813476562
-0.39591550273347464461437539284816011786460876464844
-0.39145641159140448506192910826939623802900314331055
-0.30211584869842356138036620905040763318538665771484
-0.11316153284982337356989745558166760019958019256592
-0.21255465126312439450018132447439711540937423706055
-0.30678606650265916044872938073240220546722412109375
-0.20356695262109358868229946892824955284595489501953
-0.10884405201202823620931781078979838639497756958008
-0.49979752594917464803003781526058446615934371948242
-0.59789979853873598258928723225835710763931274414062
-0.58802320863687684848741810128558427095413208007812
-0.49382912518352906072749419763567857444286346435547
-0.79582845002959856639535018985043279826641082763672
-0.68890724059583685612295766986790113151073455810547
-0.69281542973205034741113195195794105529785156250000
-0.19401464540079044196474455930001568049192428588867
1.29251197134287387768836197210475802421569824218750
1.39699269229047273732646772259613499045372009277344
1.30221835124009954753887541301082819700241088867188
1.70514263437463986505804314219858497381210327148438
1.60939764334212176422056472802069038152694702148438
1.69234925356019560993559025519061833620071411132812
1.84314307213967465415294100239407271146774291992188
2.00406443864975125634941832686308771371841430664062
1.91743306386379241956774421851150691509246826171875
1.73310833287831900229036818927852436900138854980469
1.71884432463088820952634705463424324989318847656250
1.60368219903260000869238410814432427287101745605469
1.54360695029056183003035584988538175821304321289062
1.61400355793726912878582879784516990184783935546875
1.55218995005651594354389999352861195802688598632812
1.42735727727045746959788630192633718252182006835938
1.36870431544120485511939477873966097831726074218750
1.42169596939230169496681810414884239435195922851562
0.47836657151248035413360071288479957729578018188477
0.47883234698111887261973151908023282885551452636719
0.57866091444089140516382485657231882214546203613281
0.99631659510686931824352541298139840364456176757812
0.88980654088027599790677868440980091691017150878906
1.08478463839136640700644420576281845569610595703125
1.09582981348459229664626946032512933015823364257812
1.17500897375695867452805032371543347835540771484375
1.34589984014556374170012986724032089114189147949219
0.58030074097018280454562955128494650125503540039062
0.68241034918020337940447461733128875494003295898438
1.16192555015413523378242643957491964101791381835938
1.24575755215639349948730796313611790537834167480469
1.06354800531295978771595400758087635040283203125000
1.06604983307313672113991742662619799375534057617188
1.25679625735911115747001076670130714774131774902344
1.17546608311702982518909266218543052673339843750000
1.26575519349329779217327995866071432828903198242188
1.17825834590186540040690488240215927362442016601562
-0.89552897369587181053418589726788923144340515136719
-1.37905917706616110152140208811033517122268676757812
-1.54531963791913540262612514197826385498046875000000
-1.42209189935921198610913052107207477092742919921875
-1.42752228577037465484522726910654455423355102539062
-1.36926525390803233150904816284310072660446166992188
-1.58848230766198605934391707705799490213394165039062
-1.52351160096440496616310156241524964570999145507812
-0.82840245471215179229318437137408182024955749511719
-0.87070826103374288074121523095527663826942443847656
-1.01012571256017835708007623907178640365600585937500
-2.06520400096266376621656490897294133901596069335938
-2.11979505128057699181454154313541948795318603515625
-1.93654321543959206941565298620844259858131408691406
-1.80162622658571547340500274003716185688972473144531
-1.54961808201502782011971248721238225698471069335938
-1.64343746804396362293232414231169968843460083007812
-1.72657897790032399676363183971261605620384216308594
-1.52208344160014230617150587931973859667778015136719
-1.67387354736412863331906919484026730060577392578125
0.90014070189407724420505019224947318434715270996094
0.97577167434651834732051156606758013367652893066406
1.21147032378699415211542600445682182908058166503906
1.11098044881028901187391966232098639011383056640625
1.19914133712111370400066334696020931005477905273438
1.10932103817023075542635979218175634741783142089844
1.58782227167236866804955752741079777479171752929688
1.59687087335497146511897881282493472099304199218750
1.30403940672241325238189801893895491957664489746094
1.29336983069659106071469523158157244324684143066406
1.40331245702034768108035223121987655758857727050781
1.49119998723339830526413152256282046437263488769531
1.37666358750455097847975594049785286188125610351562
1.47522069374342357228613309416687116026878356933594
1.54588440617979649971402977826073765754699707031250
1.51590088660205291049010156712029129266738891601562
1.60200591368444511530810814292635768651962280273438
1.70127068160411432096168482530629262328147888183594
1.65691494419238893875956364354351535439491271972656
0.74240910450313801760557907982729375362396240234375
0.74604858449840727452340161107713356614112854003906
0.75738116853838255426722980701015330851078033447266
0.57121413406427767878170698168105445802211761474609
0.66775015987183017340811375106568448245525360107422
0.76415561990156977145716155064292252063751220703125
0.65841830626806874260381619023974053561687469482422
0.56865673182370368721194608951918780803680419921875
0.84525067798996533774413819628534838557243347167969
0.83405251101328070628682098686113022267818450927734
0.92331128565872555569171709066722542047500610351562
1.01813475396836849995452212169766426086425781250000
1.03519502097753846037164748850045725703239440917969
0.95156971964458048063306705444119870662689208984375
0.65866526537216585346357078378787264227867126464844
0.68284887407320971064450532139744609594345092773438
0.57288343095701677043507515918463468551635742187500
0.99766910091279814576381568258511833846569061279297
1.11743707863680485914414930448401719331741333007812
1.10960223233880417303964804887073114514350891113281
0.30250751081524696051161527066142298281192779541016
0.18189332397354909809372713880293304100632667541504
0.08538324610904300671077038487055688165128231048584
0.10924142884212875714844415142579236999154090881348
0.19579602585717123530706373912835260853171348571777
0.29255202996578333340949029661715030670166015625000
0.92795569397483679274785117740975692868232727050781
0.87645409486724723535644443472847342491149902343750
0.96136382461655789377630298986332491040229797363281
1.16580455662638948766129942669067531824111938476562
1.22842191706299708187088981503620743751525878906250
-0.44936359841710160623051706352271139621734619140625
-0.35558641881338870494033699287683703005313873291016
-0.14649859082550104050213235495903063565492630004883
-0.06288206676088939350854900567355798557400703430176
-0.13321697921511999052057717563002370297908782958984
-0.24937098701233323394532703787263017147779464721680
-0.36422684359329571268659719862625934183597564697266
0.15809506264296752098275078424194362014532089233398
0.22293657665474858609044872537197079509496688842773
-0.28400863752574945220175095528247766196727752685547
-0.19060288867876529206313307440723292529582977294922
-0.37969360603264534770318050505011342465877532958984
-0.19160286954331498532333455386833520606160163879395
0.09438000184931430447399236527417087927460670471191
0.18958685700338467894354721465788315981626510620117
0.09458141472844024122412776023338665254414081573486
-0.37566772281453808535189864414860494434833526611328
-0.28295029113383973751183475542347878217697143554688
-0.84499138795903605547721326729515567421913146972656
-1.01782672656418693435398381552658975124359130859375
-0.91967342583977707004549984048935584723949432373047
-0.83370274306652325524424895775155164301395416259766
-0.92296175448031680943472565559204667806625366210938
-0.74203162989099835655792958277743309736251831054688
-0.74567237965045951586517958276090212166309356689453
-0.83405516418544456413997068011667579412460327148438
-1.21129987368353986276758860185509547591209411621094
-1.21489115956499516002509153622668236494064331054688
-2.01860828884624421419857753789983689785003662109375
-1.98076161372614967248750872386153787374496459960938
-1.27726805637218010502920151338912546634674072265625
-1.34154318370450442721164563408819958567619323730469
-1.30044418288472729550164785905508324503898620605469
-1.70783585203609877822827911586500704288482666015625
-1.69857409247514756778230093914316967129707336425781
-1.59717763339972185221427025680895894765853881835938
-1.44365159261026443360265147930476814508438110351562
-1.54397269679506421447001685010036453604698181152344
-1.60249674361791161203427691361866891384124755859375
-1.36836091190368680514666266390122473239898681640625
-1.40505825051497712507853066199459135532379150390625
-0.18792140328125087056498898618883686140179634094238
-0.28749198223683741781897538203338626772165298461914
0.26736120077286856799858583144668955355882644653320
0.13055092766332188070066422369563952088356018066406
-0.10455108061437193289755498426529811695218086242676
-0.01205699340359435434155699340408318676054477691650
-0.00880715314300006130165954232325020711869001388550
0.18422617768058019427357407948875334113836288452148
0.08538145900553809064525978556048357859253883361816
-0.01510971542073004034167915676789561985060572624207
-0.01527195341680489398816789048396458383649587631226
0.38002521011013506990749988290190231055021286010742
0.28109139636124380601245320576708763837814331054688
0.28166925039991597135013989827712066471576690673828
0.48007783214646293501459695107769221067428588867188
0.91761467296683951744284968299325555562973022460938
0.86596279052941493858952526352368295192718505859375
0.83876861524983381546149985297233797609806060791016
-0.90421746649601453249545102153206244111061096191406
-0.90585431146752193320992319058859720826148986816406
-0.79864297622316482438975526747526600956916809082031
-0.70517098781690568110036565485643222928047180175781
-0.72960713624912032493341484951088204979896545410156
-0.63161175408989433943673930116347037255764007568359
-0.63753258472039275872589314531069248914718627929688
-0.72240145047343351514257392409490421414375305175781
-0.81751028385120005914643570577027276158332824707031
-1.26988563720302627402247708232607692480087280273438
-0.38651966684177663235999489188543520867824554443359
-0.58419472875609912421168701257556676864624023437500
-0.67922808979049298372387966082897037267684936523438
-0.48554155416068123241046805560472421348094940185547
-0.48315924446800834202164764974440913647413253784180
-0.57179151242042203229232200101250782608985900878906
-0.75725285229694805355649123157490976154804229736328
-0.47235731090556487554721343258279375731945037841797
-0.65433947340336007236771820316789671778678894042969
-0.65827205091679696913331554242176935076713562011719
-0.56882026044831657252132117719156667590141296386719
-0.46938977407936727237469654028245713561773300170898
-0.56192014610868223911666063941083848476409912109375
-0.47745911115571598726248225830204319208860397338867
-0.28850959588783142706347462080884724855422973632812
-0.28713916666834488067294728352862875908613204956055
-0.38182415431069105515859973820624873042106628417969
-0.47916569338129971766804260369099210947751998901367
-0.38490116575576138746583865213324315845966339111328
-0.10108684860686453776956739147863117977976799011230
-0.19564562372870089590470854545856127515435218811035
-0.29175907530175709814201923109067138284444808959961
-0.10311049524466092686125762156734708696603775024414
-0.20022370542345227506508820169983664527535438537598
-0.29431351035871211596628427287214435636997222900391
1.30027429914402592459055085782893002033233642578125
1.40955777750293664851710673246998339891433715820312
1.28238218053259522832831862615421414375305175781250
1.36944104491894202979551664611790329217910766601562
1.47890961038509072267288502189330756664276123046875
1.50113422435765464513224287657067179679870605468750
1.40491812992788212000050407368689775466918945312500
1.45187781043406705094866993022151291370391845703125
1.47575400804102274676665729202795773744583129882812
1.61223637462307856083043589023873209953308105468750
1.58687613234072788515049978741444647312164306640625
1.67639881841659832417690267902798950672149658203125
1.69966038777600036979720243834890425205230712890625
1.67325757525337315279045924398815259337425231933594
1.59345655286384157989232335239648818969726562500000
1.55528797024829090744901805010158568620681762695312
1.52161553402887994579373298620339483022689819335938
0.68311348770485935677498900986392982304096221923828
0.78706026217543956224886869676993228495121002197266
0.78553291673967751140850168667384423315525054931641
0.67769372488069967719326314181671477854251861572266
0.67612018108525895332405752924387343227863311767578
0.97210224636079578530711842176970094442367553710938
0.98025545583637896385198473581112921237945556640625
0.88479057670301153315506326180184260010719299316406
0.87198702566177521688928209186997264623641967773438
0.78134115947351912012663888162933290004730224609375
0.77669081790786609342802648825454525649547576904297
0.97330890238141132275728750755661167204380035400391
0.87069185392221382091548775861156173050403594970703
1.25919827931152861211216986703220754861831665039062
1.36831407460878651249913673382252454757690429687500
1.16640829984582716782881561812246218323707580566406
1.40509194365300382756345243251416832208633422851562
1.33651835699187460093639856495428830385208129882812
1.22288652579620737981258571380749344825744628906250
1.15012649385449439165540752583183348178863525390625
-1.11234740554260325140489840123336762189865112304688
-1.21310812811253043719261768274009227752685546875000
-1.00803521505482973630307697021635249257087707519531
-1.00216124844825293926930953603005036711692810058594
-0.88895056843455333428494213876547291874885559082031
-0.87384746376306488002683181548491120338439941406250
-0.77949118470750033971228276641340926289558410644531
-0.78534185563206659885793214925797656178474426269531
-1.34688824322013056544733444752637296915054321289062
-1.25774702801917581673762924765469506382942199707031
-1.24713578742419728406787271524081006646156311035156
-1.59991027622597492552358744433149695396423339843750
-1.60750343023173103418343998782802373170852661132812
-1.40470973777626206846491641044849529862403869628906
-1.49631338346794784399662603391334414482116699218750
1.17851426646434331857449251401703804731369018554688
0.98993812264946456913605743466177955269813537597656
1.13095173840937057718747382750734686851501464843750
1.04090712682993613569237822957802563905715942382812
1.11967829287540632243747040774906054139137268066406
1.02114676063996201449413092632312327623367309570312
1.40313922747506891752777846704702824354171752929688
1.48197815600551674464213647297583520412445068359375
1.42603054020742359142559507745318114757537841796875
1.30737685060825237215453853423241525888442993164062
1.31354676884251797552849438943667337298393249511719
0.38216922688178045497409129893640056252479553222656
0.48797828390651776242492587698507122695446014404297
0.56224765362196160722874083148781210184097290039062
0.56262902978934947739730887406039983034133911132812
0.47169408925051803382899606731371022760868072509766
0.72826938015229969458630421286216005682945251464844
0.84493554422546934823401443281909450888633728027344
0.86959751249743888479315501172095537185668945312500
0.85115331216746792364347129478119313716888427734375
0.93971856321304170212016515506547875702381134033203
0.83441422746500570895022974582388997077941894531250
0.92003352211518141245960578089579939842224121093750
1.01651640106488239112536575703416019678115844726562
1.01946235746028035507038111973088234663009643554688
-0.28388005205578148437695062966668047010898590087891
-0.28436886424022833619318362252670340240001678466797
-0.47128956780725345110383273095067124813795089721680
-0.37725132850950876539641853923967573791742324829102
-0.47862240127073701900783930796023923903703689575195
-0.38507297415743912960550687785143963992595672607422
-0.18800412408992531188012264919962035492062568664551
-0.18865796886295421730395105441857594996690750122070
-0.09441940732406972625057051118346862494945526123047
0.00008187308439765172973778817322454415261745452881
-1.44087845510904655199624357919674366712570190429688
-1.38970084843493535409209016506792977452278137207031
-1.59835476634001683038377450429834425449371337890625
-1.33638552596301884989316022256389260292053222656250
-1.22265957851878726003747033246327191591262817382812
-1.19886747053138287277818108123028650879859924316406
-1.83215529096121754193404740362893790006637573242188
-1.75182935242525394947676886658882722258567810058594
-1.60618098239505080471190012758597731590270996093750
-1.53194851613651872312971136125270277261734008789062
-0.54395952778653744452697083033854141831398010253906
-0.58101032760830284562558745165006257593631744384766
-0.16672539359467491992816690071776974946260452270508
-0.10820226495358939433621969783416716381907463073730
0.00210064400595192518617082555465458426624536514282
0.10081901783276044082260369805226218886673450469971
0.47818111237167193472430426481878384947776794433594
0.46258353229969717546055107959546148777008056640625
0.33747721913812223082373975557857193052768707275391
0.19430658425181374093781982992368284612894058227539
0.09316391004586550839139391655407962389290332794189
0.39604461948755581568448747020738665014505386352539
0.49247828746713301351078939660510513931512832641602
0.28738294398960329001369018442346714437007904052734
0.29957638261434127446847242026706226170063018798828
0.48653577679046511317295653498149476945400238037109
0.37790867018614987538072114148235414177179336547852
0.19441809722280103955860397491051116958260536193848
0.18731372656628503259312878981290850788354873657227
0.09002558275625852091117451436730334535241127014160
0.08830676989516804409330319458604208193719387054443
-0.51439534299883371559758415969554334878921508789062
-0.52133580400217505168569687157287262380123138427734
-0.41161090646172571183569743880070745944976806640625
0.47889140326906498579262461134931072592735290527344
0.57592503322904320395281274613807909190654754638672
0.57981745061744083269417160408920608460903167724609
0.37941663527140928602321423568355385214090347290039
0.99391382751622159297255620913347229361534118652344
0.97830388135412926775558162262313999235630035400391
1.10331475193461603367950374376960098743438720703125
1.19743977102288523539641573734115809202194213867188
1.11377667823898640619972866261377930641174316406250
1.03338790970407812253029078419785946607589721679688
1.06688294281178697175960223830770701169967651367188
1.17661790806214838767118635587394237518310546875000
1.28499899847400644858907980960793793201446533203125
1.25565280175855287225772372039500623941421508789062
-0.83567398219952548910072209764621220529079437255859
-0.86959373638123493854834578087320551276206970214844
-1.00371008283391782711646555981133133172988891601562
-1.10638542835018416354841974680311977863311767578125
-0.98502946025625814918669220787705853581428527832031
-1.07091234846288418935955633060075342655181884765625
-1.20467912870247406686985414125956594944000244140625
-1.18788667139283399265536900202278047800064086914062
-0.87180933863430498664826018284657038748264312744141
-1.14996457369410598481351826194440945982933044433594
-0.96263733639186677137900005618575960397720336914062
-1.03496445368898548622382804751396179199218750000000
-0.95138812649762816153753419712302275002002716064453
0.67432225298763626142317662015557289123535156250000
0.57639721087463025028796437254641205072402954101562
0.77137704436418286224608209522557444870471954345703
0.77359771807068211657565370842348784208297729492188
0.67059767048671337086318544606911018490791320800781
0.57489330208020672507984727417351678013801574707031
0.96272298114134724489332484154147095978260040283203
0.86317839084991954123893265204969793558120727539062
0.86755230469764921252817657659761607646942138671875
1.06263008846563788978301090537570416927337646484375
1.06792322033990716434459500305820256471633911132812
0.97239002686334596869954793874057941138744354248047
-1.40267706089091914734012789267580956220626831054688
-1.48668755257684903625658989767543971538543701171875
-1.47134365521630261497421088279224932193756103515625
-1.37003351802659834035580388444941490888595581054688
-1.10031303300489002872097898944048210978507995605469
-1.20694772218139378949786078010220080614089965820312
-1.30138967422239471005696032079868018627166748046875
-1.28409002871861988026580547739285975694656372070312
-1.17613374794129743605708426912315189838409423828125
-0.97266787355194173070316310258931480348110198974609
-1.06693502992666733319992999895475804805755615234375
-0.97397568146790691745451340466388501226902008056641
-1.16374396092372967004280326364096254110336303710938
-1.08821788373895533830193471658276394009590148925781
-1.17755292741168449133226658886997029185295104980469
-0.98348769392099977260102150466991588473320007324219
-0.97423526017407757748856056423392146825790405273438
-1.06515648350407832190001045091776177287101745605469
0.19225326152654120814844418418942950665950775146484
0.28722861467313021144320828170748427510261535644531
0.46958505957605445324531956430291756987571716308594
0.28354582648086590346281354868551716208457946777344
0.47222024071923651700188884205999784171581268310547
0.37910620548394269313519089337205514311790466308594
0.18883917505231434530443834773905109614133834838867
0.37765240877589201229369564316584728658199310302734
0.28299955740892157596277911579818464815616607666016
0.37592475526881613534513348895416129380464553833008
0.49330054917622212506955747812753543257713317871094
0.47895637408129315693017247212992515414953231811523
0.03300914558544845722742877569544361904263496398926
-0.03171363840889454555060922302800463512539863586426
0.00713606027781998192294210525687958579510450363159
-0.07925996954262784499611882438330212607979774475098
-0.18008668711331016210053235226951073855161666870117
-0.15841344128720535877619113307446241378784179687500
-1.47284061311883229805630435294006019830703735351562
-1.49782215133671625650890746328514069318771362304688
-1.63566945691429621589918497193139046430587768554688
-1.81860095465552018545452028774889186024665832519531
-1.57758360598920277517720478499541059136390686035156
-1.78549664194831025909593336109537631273269653320312
-1.37656444961372192992143936862703412771224975585938
-1.41200153531549066343586673610843718051910400390625
-1.30395879427207561640500443900236859917640686035156
-1.29319008035542459822409000480547547340393066406250
-1.72979340740890252803296789352316409349441528320312
-1.77382347374684012919487940962426364421844482421875
-1.64393344073746194844432011450408026576042175292969
-1.51319203242868560721490212017670273780822753906250
-1.57523500261440685399350059014977887272834777832031
-1.48852366064356811392599411192350089550018310546875
-0.21162049102494434604793127618904691189527511596680
-0.24020752097988609663481440748000750318169593811035
-0.44295132564187700285884830009308643639087677001953
-0.42624843248801308481787941673246677964925765991211
-0.28161796126706756249191698771028313785791397094727
-0.37198986683097418071142215012514498084783554077148
-0.21472886631513832256246132601518183946609497070312
-0.02084941779378265275246562282518425490707159042358
0.14113455408923999967463203120132675394415855407715
-0.05078551647992644857421140613951138220727443695068
0.02224921982188596963903037817544827703386545181274
0.17372206531551059871532061151810921728610992431641
0.08477282973430037837925254962101462297141551971436
0.33568922898303316104673399422608781605958938598633
0.37944234244080732310067105572670698165893554687500
0.21257599156021597663901445685041835531592369079590
0.19240903111967044836205786850769072771072387695312
0.29225695931548556494306012609740719199180603027344
0.29136207897416432910375760911847464740276336669922
0.47791559569022401543492151176906190812587738037109
0.38771880287639148843226166718523018062114715576172
0.28597652117873872956721470472984947264194488525391
0.47621870777378527694878584952675737440586090087891
0.38063635716452720592073433181212749332189559936523
-1.05775991786199963229364584549330174922943115234375
-1.05123839185891054803789756988408043980598449707031
-0.92584185919959249844168880372308194637298583984375
-0.93795727547366425369546050205826759338378906250000
-1.19112509277953537711880471761105582118034362792969
-1.18553120250855292816538621991639956831932067871094
-0.67660099689763186781021886417875066399574279785156
-0.77482596668587944144235279964050278067588806152344
-0.57681027616987190498321069753728806972503662109375
-0.57918532617056528444265950383851304650306701660156
-0.86320929910393617845443259284365922212600708007812
-0.86779976948483139587153800675878301262855529785156
-0.77212420545237092639467846311163157224655151367188
-0.67152418566342997330309572134865447878837585449219
-0.66821200413956394204006983272847719490528106689453
-0.76422155354760956669224469806067645549774169921875
-1.26605835884772588428859307896345853805541992187500
-1.17859380495447974013245584501419216394424438476562
-1.25930274302801281649522024963516741991043090820312
-1.16639812235558681940972292068181559443473815917969
-1.06264721224470504168380102782975882291793823242188
-1.06808727902388467256855619780253618955612182617188
0.28586571007613215122944438917329534888267517089844
0.38537728132796866820086734151118434965610504150391
0.38612858755448675740495900754467584192752838134766
0.68406105506617187472784280544146895408630371093750
0.58902112284755525628554551076376810669898986816406
0.76832460855988915504610758944181725382804870605469
0.77459059002646457603447061046608723700046539306641
0.66420220473118563031533767571090720593929290771484
0.57542825397914432183910093954182229936122894287109
-0.28581484701262593883797080707154236733913421630859
-0.38598544489339803309491117033758200705051422119141
-0.49327288505608202218155611262773163616657257080078
-0.48813631249444738857690140321210492402315139770508
-0.34462929144068993325689120865717995911836624145508
-0.40900845049700590427832480600045528262853622436523
-0.22344831848290250264632561538746813312172889709473
-0.19279345222008109628220040576707106083631515502930
-0.38250374382392404726260792813263833522796630859375
-0.28746971850478664212147350554005242884159088134766
-0.18833768433536457465038438385818153619766235351562
-0.18887119637180338482806973843253217637538909912109
0.09598620638952150285749809199842275120317935943604
-0.00034866000481975558279029714370267356571275740862
-0.09639359662030914932540071049515972845256328582764
-0.09412621226419214115477274162913090549409389495850
-0.41486141723916875045929941734357271343469619750977
-0.55898758309393414833721180912107229232788085937500
-0.52287367587183708472764465113868936896324157714844
-0.35307654163020385507110177059075795114040374755859
-0.47706377603164124012735669566609431058168411254883
-0.37916499320057928112959189093089662492275238037109
-0.22533102861952941653456150561396498233079910278320
-0.32611537616955416085673391535237897187471389770508
-0.31841831114660817947381588055577594786882400512695
-0.21913011074870353267485256765212398022413253784180
-0.11989923033147739661608000005799112841486930847168
-0.11840308317935731297065871103768586181104183197021
0.28431737296619141730502633436117321252822875976562
0.28477996068749300562217285914812237024307250976562
0.18842933710250836520927464334818068891763687133789
0.18906038188639445740690803177130874246358871459961
0.09415623134637279845193802430003415793180465698242
0.00008874930814854742333608328408445231616497039795
0.18872593872427334549257693652180023491382598876953
0.09394576737046166081679388071279390715062618255615
-0.09362397298055087635493265452168998308479785919189
-0.09346872104154334282011262757805525325238704681396
0.00021272849435854251920474666803784202784299850464
0.00022346265488761007933504743050434626638889312744
0.09411175346999826885063811232612351886928081512451
