0.11231156794023269829274624953541206195950508117676
-1.00000000000000000000000000000000000000000000000000
-0.32239608712183132066542157190269790589809417724609
0.79150954379175531006040955617208965122699737548828
0.00000000000000000000000000000000000000000000000000
0.82496069981836939177810563705861568450927734375000
0.00000000000000000000000000000000000000000000000000
-1.00000000000000000000000000000000000000000000000000
-0.48863747860821932222918917432252783328294754028320
-1.00000000000000000000000000000000000000000000000000
-0.47176040725691353872051081452809739857912063598633
-0.85058163704919909076096473654615692794322967529297
-0.69002569386270107276715179978054948151111602783203
1.00000000000000000000000000000000000000000000000000
0.46372387771212597584735704003833234310150146484375
0.98931991388991580294032246456481516361236572265625
0.62864411746965376259765889699338003993034362792969
-1.00000000000000000000000000000000000000000000000000
-0.49674062647729577690824953606352210044860839843750
-0.99758990245183876144352552728378213942050933837891
0.85608394592991432503481519233901053667068481445312
-0.74592213530748130434488984974450431764125823974609
0.04360399448062294430750185370015969965606927871704
0.00000000000000000000000000000000000000000000000000
0.84836507042823960933475291312788613140583038330078
0.00000000000000000000000000000000000000000000000000
0.77782841654281975607432286778930574655532836914062
-0.01260871525834008320676726810916079557500779628754
0.90652523186696798429551336084841750562191009521484
-0.27211287315843801781767297143233008682727813720703
-0.07487970708797962726688268730868003331124782562256
0.00000000000000000000000000000000000000000000000000
0.92392836737673667002468391729053109884262084960938
-0.19275936408846292002827738087944453582167625427246
0.79657673232821757380861527053639292716979980468750
0.00000000000000000000000000000000000000000000000000
-0.88280755346741635047891350041027180850505828857422
0.00000000000000000000000000000000000000000000000000
-1.00000000000000000000000000000000000000000000000000
-0.48132134261218301185536461161973420530557632446289
-1.00000000000000000000000000000000000000000000000000
1.00000000000000000000000000000000000000000000000000
0.49972155677027674247625554926344193518161773681641
1.00000000000000000000000000000000000000000000000000
0.60584459515444366584091540062217973172664642333984
-0.41314860191280794454726787989784497767686843872070
-0.98752833488011937390638195211067795753479003906250
-0.55775976476614896881756067159585654735565185546875
0.99725479675410000357516082658548839390277862548828
-0.79460722227132984940567439480219036340713500976562
0.48093529357507375232572144341247621923685073852539
-1.00000000000000000000000000000000000000000000000000
-0.99991803958425351517291801428655162453651428222656
-0.39057255308423555195673770867870189249515533447266
-0.99493531710658744682262977221398614346981048583984
0.89211548384254701904438888959703035652637481689453
0.86025531861786919129997386335162445902824401855469
0.07802312628292097651527825519224279560148715972900
0.85558721823387118288195551940589211881160736083984
0.01655828766226055334676026120632741367444396018982
0.00000000000000000000000000000000000000000000000000
0.00000000000000000000000000000000000000000000000000
-0.86163441949592889379516691406024619936943054199219
0.00000000000000000000000000000000000000000000000000
-0.88199282086421249005070421844720840454101562500000
0.86116961383680434849452467460650950670242309570312
0.22683016515573631299851342646434204652905464172363
-0.55554232602377295879847451942623592913150787353516
-0.08601396960164729710296427356297499500215053558350
0.77515445068566124486864055143087171018123626708984
-0.86506274264417759578549294019467197358608245849609
-0.05614332738305503195386236825470405165106058120728
0.78561068988145810187972983840154483914375305175781
0.00000000000000000000000000000000000000000000000000
-0.49153246305640219127042200852883979678153991699219
-0.50411794685908706270538459648378193378448486328125
-0.99997670489166767815447656175820156931877136230469
-1.00000000000000000000000000000000000000000000000000
1.00000000000000000000000000000000000000000000000000
0.55176490747190143348888113905559293925762176513672
1.00000000000000000000000000000000000000000000000000
0.65234195394149052660281995486002415418624877929688
0.99549813065539294321126817521871998906135559082031
0.95471994773667689937468594507663510739803314208984
-0.97846748497874758143666440446395426988601684570312
-0.51001812272262525560506674082716926932334899902344
-0.98783377953043904895480409322772175073623657226562
-0.41863772100012441867988854937721043825149536132812
-1.00000000000000000000000000000000000000000000000000
0.45017737153017972628887832797772716730833053588867
-0.99957677360704222380149985838215798139572143554688
-0.48560771949581893469627402737387455999851226806641
0.65710223530999012364617328785243444144725799560547
0.83997065689835814783492651258711703121662139892578
-0.10046594694333818575948669149511260911822319030762
0.85358002889583728389766292821150273084640502929688
-0.00304193044178215988085356435988160228589549660683
0.85838753114583465908538073563249781727790832519531
0.00618090034397848243907791498941151075996458530426
0.00000000000000000000000000000000000000000000000000
0.00000000000000000000000000000000000000000000000000
-0.79043257179339776463677935680607333779335021972656
-0.17698782790479308801856461741408566012978553771973
0.30384624626034112404582288036181125789880752563477
-0.86481120941027977977455520885996520519256591796875
0.85766347654251462451213683380046859383583068847656
0.02933541326572301072284076894902682397514581680298
0.72229855571277445935862715487019158899784088134766
0.99979389878054825135933469937299378216266632080078
-0.84129597458185001457309226680081337690353393554688
0.00000000000000000000000000000000000000000000000000
-0.48231664559377579459820140073134098201990127563477
-0.50344126542199996166004893893841654062271118164062
-0.99999991834367185639109720796113833785057067871094
-0.51712013426100822410802493322989903390407562255859
-0.99999598891653540544410816437448374927043914794922
1.00000000000000000000000000000000000000000000000000
-1.00000000000000000000000000000000000000000000000000
0.96260421897928938328448111860780045390129089355469
0.97349739860590622786418180112377740442752838134766
-0.99701663887316538392724396544508635997772216796875
-0.63230435827346431754136801828281022608280181884766
-0.99816334856619304272129511446109972894191741943359
-0.59514925592443468360670522088184952735900878906250
0.48993436492228131795556578254036139696836471557617
-1.00000000000000000000000000000000000000000000000000
0.49271638742335488458934378286357969045639038085938
0.97804486671770507477674527763156220316886901855469
-0.99998199800348042121100888834916986525058746337891
-0.40060298280080047783613395040447358042001724243164
0.83415104326774291987334208897664211690425872802734
0.05381529245674480932404293298532138578593730926514
0.84865127715982224820834289857884868979454040527344
-0.00230940135574001035451141561338772589806467294693
0.86075058403165671805368219793308526277542114257812
0.00986591302818091119009036304987603216432034969330
0.86497645875385675839908117268350906670093536376953
0.00508734917875053489766390413251428981311619281769
0.00000000000000000000000000000000000000000000000000
0.00000000000000000000000000000000000000000000000000
-0.08775990359397672913033261465898249298334121704102
-0.12100672038836977895126523208091384731233119964600
0.79317623670193648788284690454020164906978607177734
-0.18041587080685930755130641500727506354451179504395
0.89025231891470135714428124629193916916847229003906
-0.84410683012682896642076002535759471356868743896484
0.00929263205331874904413513860390594345517456531525
0.84679105330172776966435321810422465205192565917969
0.00000000000000000000000000000000000000000000000000
-0.48998439774359298093386883010680321604013442993164
-0.50631092702565028140782033005962148308753967285156
-0.99965074426259259432470116735203191637992858886719
-0.52256142483129763842697457221220247447490692138672
-0.99990592082387419470279610322904773056507110595703
-0.52529337636967476932170484360540285706520080566406
-0.99997155779217838933448092575417831540107727050781
1.00000000000000000000000000000000000000000000000000
-1.00000000000000000000000000000000000000000000000000
-0.59943447936566918166079176444327458739280700683594
-0.99592930921640010488715688552474603056907653808594
-0.67514743112924813228659104424878023564815521240234
0.76778367787794155052694122787215746939182281494141
-0.68652513643876134086241336262901313602924346923828
-1.00000000000000000000000000000000000000000000000000
0.61716003696440691062008454537135548889636993408203
0.93983759792573440261520545391249470412731170654297
-0.92564878953520057791592989815399050712585449218750
0.87703153425201163528868164576124399900436401367188
-0.99260763189153977670287076762178912758827209472656
-0.73707637887637145190922183246584609150886535644531
-0.39976772978261965185708959324983879923820495605469
0.86485472395806883838531575747765600681304931640625
0.04203602591229376600479028525114699732512235641479
0.93640113386627144009821677173022180795669555664062
0.86843278211840901903428857622202485799789428710938
0.05024736768782499252150586244169971905648708343506
0.86887467004301877082639293803367763757705688476562
0.00741152104883624051473445248916505079250782728195
0.86996111319068636369422620191471651196479797363281
0.00155282471882701739868126722399210848379880189896
0.00000000000000000000000000000000000000000000000000
0.00000000000000000000000000000000000000000000000000
-0.87314599513910395867100078248768113553524017333984
0.86918759386206434491839445399818941950798034667969
0.17704420679298604746065848303260281682014465332031
0.99950596718541107055244765433599241077899932861328
-0.06981232486574304174631322439381619915366172790527
0.76470368192538418217196749537833966314792633056641
-0.85751624023618489012221743905683979392051696777344
0.00000000000000000000000000000000000000000000000000
-0.51317844853994021292464822181500494480133056640625
-0.99553483892209471139977949860622175037860870361328
-0.68128621508802267303650523899705149233341217041016
-0.53358499216624122318819445354165509343147277832031
-0.99954337407031801365775436352123506367206573486328
-0.54087885187705275757963363503222353756427764892578
-0.99987091107159564717932198618655093014240264892578
-0.52274532527944395088326245968346484005451202392578
-0.99918671196579422755235100339632481336593627929688
1.00000000000000000000000000000000000000000000000000
-1.00000000000000000000000000000000000000000000000000
-0.54571109429254804901177067222306504845619201660156
-0.99929993270928951787368532677646726369857788085938
-0.68353650596337067746333104878431186079978942871094
-1.00000000000000000000000000000000000000000000000000
0.54768981327768972988678797264583408832550048828125
0.97721988142164117885357654813560657203197479248047
0.73039827226643583291121331058093346655368804931641
-0.62476075172972045379538030829280614852905273437500
-0.03188717898489302343678630791146133560687303543091
-0.99866708008889160108623173073283396661281585693359
-0.31663644208174313021686430147383362054824829101562
-0.98186165881182008163818863977212458848953247070312
-0.39263041616830607338783920567948371171951293945312
-0.51209027318564104280795845625107176601886749267578
-0.84151839327116795264061011039302684366703033447266
0.18832808175753756874115651953616179525852203369141
-0.64247923220094771412647105535143055021762847900391
-0.95984756513615276940498688418301753699779510498047
0.99959094136768367189205264367046765983104705810547
-0.85610890192216626548571412058663554489612579345703
-0.88848672152951102543028127911384217441082000732422
0.88073816473209021182810829486697912216186523437500
-0.00219571659855462980592832877846376504749059677124
0.86068430677964069541729941192897967994213104248047
0.88933993500687169575513735253480263054370880126953
-0.00329430322051219980766800787819192919414490461349
0.92686094225631887599803349075955338776111602783203
0.80412383883820925944974078447557985782623291015625
0.00000000000000000000000000000000000000000000000000
0.00000000000000000000000000000000000000000000000000
-0.85819602793535976203997961420100182294845581054688
-0.16736214241191385565521443368197651579976081848145
0.84908984589499247874755383236333727836608886718750
-0.02897636979749706673259446176871279021725058555603
0.99930009656132412487750116270035505294799804687500
0.75369146351002003214603064407128840684890747070312
0.00000000000000000000000000000000000000000000000000
-0.45628450847702262116456495277816429734230041503906
-0.97594295888373439051832747281878255307674407958984
-0.73446158468876165947847312054364010691642761230469
0.64011062139538121851245477955671958625316619873047
-0.56705170993596476503029180094017647206783294677734
-0.99843205876631446749058795830933377146720886230469
-0.55395144631347026376033682026900351047515869140625
-0.99929202037603059860515486434451304376125335693359
-0.50752623456566203774542600513086654245853424072266
-0.99327386610147549994564997177803888916969299316406
1.00000000000000000000000000000000000000000000000000
-1.00000000000000000000000000000000000000000000000000
-0.57633723508648426747669191172462888062000274658203
0.67433816725407602632458292646333575248718261718750
-1.00000000000000000000000000000000000000000000000000
-0.55134210068082001310330042542773298919200897216797
-0.99954550611516335134609789747628383338451385498047
0.94218335316256718314775753242429345846176147460938
-0.72288509570620740340984866634244099259376525878906
-0.89148153291483123172866953609627671539783477783203
0.36190627179217432773938867285323794931173324584961
0.80673580790814014562783995643258094787597656250000
-0.32553137285682554047383518991409800946712493896484
-0.10979640457527738151011220679720281623303890228271
-0.85940560385755004890739883194328285753726959228516
0.99619914378087093265179419177002273499965667724609
0.43586512310248948232072052633156999945640563964844
0.99829248871929088249288497536326758563518524169922
0.35649221810539050148136652751418296247720718383789
0.97743496970568310988625171376042999327182769775391
0.75683868255764197296997508601634763181209564208984
-0.07075320923444020082548888694873312488198280334473
0.83113553689791985767953974573174491524696350097656
0.05387340584825916350864005721632565837353467941284
0.99742671503188962134345274535007774829864501953125
0.51155419013673153472154808696359395980834960937500
0.87885796749013911366432694194372743368148803710938
0.08563012451953773418455995170006644912064075469971
-0.65190370060565794307905207460862584412097930908203
-0.96688860217189953605299024275154806673526763916016
0.24725890404562428370738302874087821692228317260742
-0.44616636060258413332135773998743388801813125610352
0.00000000000000000000000000000000000000000000000000
-0.70157809237354884501769447524566203355789184570312
0.00000000000000000000000000000000000000000000000000
0.88900212590459193329195386468200013041496276855469
0.76519375485113416690552412546821869909763336181641
0.05830685037455739933021092724629852455109357833862
0.88327193728157893382046950137009844183921813964844
0.09044956727240940907996957776049384847283363342285
-0.69429487933850664305168720602523535490036010742188
0.00000000000000000000000000000000000000000000000000
-0.70565452772695436145511393988272175192832946777344
0.85968420808085010964560979118687100708484649658203
-0.00311770440562247029558928801407091668806970119476
-0.89366591472741829793591250563622452318668365478516
-0.43321525995155168997641226269479375332593917846680
0.07929146893477827251484058024288970045745372772217
0.85207375851863587090662122136563993990421295166016
-0.99401293243220911755031465872889384627342224121094
-0.54270440020216359489069191113230772316455841064453
0.67066795963496528276692743020248599350452423095703
1.00000000000000000000000000000000000000000000000000
-1.00000000000000000000000000000000000000000000000000
0.00000000000000000000000000000000000000000000000000
0.87469988521052743912775895296363160014152526855469
0.47248310923192954335902982165862340480089187622070
0.98045574488160136539249833731446415185928344726562
-1.00000000000000000000000000000000000000000000000000
-0.52018693933442383681153842189814895391464233398438
-0.99402984961423324072882223845226690173149108886719
-0.08374329048593302793346282442144001834094524383545
0.68394200627002210701732565212296321988105773925781
-0.54446828781779577077770682080881670117378234863281
-1.00000000000000000000000000000000000000000000000000
0.01524034518941774253575349717948483885265886783600
-0.84162482245447611806099530440405942499637603759766
-0.02293158617826184658694543827550660353153944015503
0.87745211917368537424266605739830993115901947021484
-0.07460840832155483937082607326374272815883159637451
0.99977890618577791581600422432529740035533905029297
0.46497525445020632117731906873814295977354049682617
0.99813907123301448542918024031678214669227600097656
0.43653413928083562023374497584882192313671112060547
0.99999955478581747936317469793721102178096771240234
0.41288830743920462706952889675449114292860031127930
0.99803755908892832771073244657600298523902893066406
0.55595814285678324395689742232207208871841430664062
0.99998046894786296601154162999591790139675140380859
0.51246416368197311719256958895130082964897155761719
0.99566702564111897455489952335483394563198089599609
0.47982157612128334411849550633633043617010116577148
0.99674811337587987392083732629544101655483245849609
0.52569336644305453276615480717737227678298950195312
0.00000000000000000000000000000000000000000000000000
-0.74873097496339968692780075798509642481803894042969
0.00000000000000000000000000000000000000000000000000
1.00000000000000000000000000000000000000000000000000
0.58491714294314578470590504366555251181125640869141
0.68762446748275085628421265937504358589649200439453
-0.67185283858218203256740252982126548886299133300781
0.85156311696602016159118875293643213808536529541016
-0.94201815895887353047299939134973101317882537841797
0.00000000000000000000000000000000000000000000000000
0.86577418602492739463372117825201712548732757568359
0.03723836259915803276188128734247584361582994461060
0.87861343771189415186029236792819574475288391113281
0.00000000000000000000000000000000000000000000000000
0.00928842500839667170597913070650974987074732780457
-0.87542558480585552782571312491199932992458343505859
-0.01085966752993020034701032727753045037388801574707
-0.86850533815072883392360836296575143933296203613281
-0.08016953352928959941614550643862457945942878723145
-0.92421656482756375794451741967350244522094726562500
0.00067091129387068012407402406438450270798057317734
-0.87790085727480626776042527126264758408069610595703
0.00000000000000000000000000000000000000000000000000
-0.87741289342397810191442886207369156181812286376953
0.00000000000000000000000000000000000000000000000000
0.70891264396593012264702338143251836299896240234375
0.99994548243661229847134563897270709276199340820312
0.00000000000000000000000000000000000000000000000000
0.85256645210899695275230669722077436745166778564453
0.42567804049475826966286717834009323269128799438477
-0.50075637310391496459516247341525740921497344970703
-0.99359030299554462750677430449286475777626037597656
-0.46998377981319577889607330689614173024892807006836
0.73014961878440087783559420131496153771877288818359
0.00000000000000000000000000000000000000000000000000
0.86251750098922297382841861690394580364227294921875
-0.00823550964239681479450716494739026529714465141296
-0.85032688824661706306073938321787863969802856445312
-0.01210345453646519825463556685463117901235818862915
-0.85274111302067456819031576742418110370635986328125
0.10163170005010377372478558299917494878172874450684
-0.66514827880413396332670572519418783485889434814453
0.99986352184053040037525761363212950527667999267578
0.47290870996632167200246499305649194866418838500977
0.99995804317659464643952560436446219682693481445312
0.45065550404446125254409594163007568567991256713867
0.99981967367011204128601775664719752967357635498047
0.52561933351335188291386657510884106159210205078125
0.99965232946087867471618437775759957730770111083984
0.52495653612676240751255818395293317735195159912109
0.99998419310372976820389112617704086005687713623047
0.50348772842894595758167497479007579386234283447266
1.00000000000000000000000000000000000000000000000000
0.50570397160696167748739071612362749874591827392578
1.00000000000000000000000000000000000000000000000000
0.49875125345581061697686209299718029797077178955078
-1.00000000000000000000000000000000000000000000000000
-0.41267897711306322783286759658949449658393859863281
-1.00000000000000000000000000000000000000000000000000
-0.72675541746740124349202005760162137448787689208984
-0.99663286916505455792503198608756065368652343750000
-0.14178757438145045410848865685693453997373580932617
-0.77384737776157752620065366500057280063629150390625
0.41757409603351824944894588043098337948322296142578
0.99982585299186688132522249361500144004821777343750
0.60201726168861202648230346312629990279674530029297
1.00000000000000000000000000000000000000000000000000
0.66528334646614228908845234400359913706779479980469
0.00169036369410792528152065461455322292749769985676
-0.86574997495106331690806200640508905053138732910156
-0.00868659389901220956031746567305162898264825344086
-0.85868417723732792801172308827517554163932800292969
0.00000000000000000000000000000000000000000000000000
-0.87874375776207969135356279366533271968364715576172
0.00000000000000000000000000000000000000000000000000
-0.86380521584876968077537640056107193231582641601562
0.00000000000000000000000000000000000000000000000000
0.82529321065188676609380991067155264317989349365234
0.17718567983533117793371047810069285333156585693359
-0.37060323247661020040766288730083033442497253417969
0.03701099469110813444672203331720083951950073242188
0.01412725128530372201152154332248755963519215583801
-0.77467758557772870009472399033256806433200836181641
-0.02768857548658873804492408510213863337412476539612
-0.92279317086371948075651516774087212979793548583984
0.00000000000000000000000000000000000000000000000000
-0.86677126987480235253968885444919578731060028076172
-0.00679521897176193177825265223646056256256997585297
-0.82846127896513144239776238464401103556156158447266
-0.00695790385178093623991246730042803392279893159866
-0.84783965290419227578411209833575412631034851074219
-0.05876662702113052971775175592483719810843467712402
0.99545656268245596987043199987965635955333709716797
-0.88595434087341373707857883346150629222393035888672
0.99999986522461048465970634424593299627304077148438
0.47810040475089776723649492851109243929386138916016
0.99999681344839541630165058450074866414070129394531
0.47346216408863250890703966433648020029067993164062
0.99998812220867105970967259054305031895637512207031
0.37574315800788249397612617030972614884376525878906
1.00000000000000000000000000000000000000000000000000
0.49459233979620076393501904021832160651683807373047
1.00000000000000000000000000000000000000000000000000
0.48988981944791382128201462364813778549432754516602
-1.00000000000000000000000000000000000000000000000000
-0.77926946573566036047253646756871603429317474365234
-1.00000000000000000000000000000000000000000000000000
-0.67087878796074940090932159364456310868263244628906
-0.99935189781797184593870042590424418449401855468750
-0.93157813715863990733367927532526664435863494873047
-0.76749775977896017575830001078429631888866424560547
-0.90378142212707512914704466311377473175525665283203
0.99777090680704527692057581589324399828910827636719
0.61283232488376848667854801533394493162631988525391
1.00000000000000000000000000000000000000000000000000
0.58099805919809266452347173981252126395702362060547
0.00000000000000000000000000000000000000000000000000
-0.85936830396782304397618190705543383955955505371094
0.00000000000000000000000000000000000000000000000000
-0.85280660635934879554298504444886930286884307861328
0.00000000000000000000000000000000000000000000000000
0.81948003776650746310394879401428624987602233886719
0.00000000000000000000000000000000000000000000000000
0.71120195337418568026777165869134478271007537841797
0.09986462559828723772881176046212203800678253173828
-0.77044731452479231492702638206537812948226928710938
0.11373232829997537152166842133738100528717041015625
-0.78288474103677629933883963531116023659706115722656
0.64433837405764560202214852324686944484710693359375
0.00000000000000000000000000000000000000000000000000
-0.85692388823528153896091907881782390177249908447266
-0.01945722328253513336293600843873718986287713050842
-0.85224207809593444107321147384936921298503875732422
0.00000000000000000000000000000000000000000000000000
-0.84894221367551780943472294893581420183181762695312
-0.03839359175533088586185215262958081439137458801270
0.99670580969751498834341418842086568474769592285156
-0.85693025736173666917494529116083867847919464111328
0.73885315191482625607477530138567090034484863281250
1.00000000000000000000000000000000000000000000000000
0.47795141853651990082596512365853413939476013183594
1.00000000000000000000000000000000000000000000000000
0.45750745924035191025680546772491652518510818481445
1.00000000000000000000000000000000000000000000000000
0.44839576269447373180199178932525683194398880004883
-1.00000000000000000000000000000000000000000000000000
-0.60594179541839876534936593088787049055099487304688
-1.00000000000000000000000000000000000000000000000000
-0.52401982418399650764939678992959670722484588623047
-0.99707795595164216972960957718896679580211639404297
0.99582257446424538027685002816724590957164764404297
-0.99977367966219543582440110185416415333747863769531
-0.53072444070903346258205601770896464586257934570312
0.99966985299517130414415078121237456798553466796875
0.38145154908847167529728494628216139972209930419922
1.00000000000000000000000000000000000000000000000000
0.52903222263171756356570085699786432087421417236328
0.00000000000000000000000000000000000000000000000000
0.81910941027995531893424185909680090844631195068359
0.00000000000000000000000000000000000000000000000000
0.75536437478973650350155821797670796513557434082031
0.20675118838306211221933494925906416028738021850586
-0.35407616011880654882659769100428093224763870239258
0.07119501426491511852923110836854903027415275573730
-0.13200072461927200850873020954168168827891349792480
-0.92310069739941325028809160357923246920108795166016
0.00000000000000000000000000000000000000000000000000
-0.85067597112601434083956064569065347313880920410156
0.00000000000000000000000000000000000000000000000000
-0.84136966386507183734977388667175546288490295410156
0.00000000000000000000000000000000000000000000000000
0.88241219783843583002180821495130658149719238281250
0.00000000000000000000000000000000000000000000000000
-0.82281845369506856346930590007104910910129547119141
-0.11508691659984604527267038065474480390548706054688
1.00000000000000000000000000000000000000000000000000
0.51249316056405147534746902238111943006515502929688
-1.00000000000000000000000000000000000000000000000000
-0.52785450617373463888526430309866555035114288330078
-1.00000000000000000000000000000000000000000000000000
-0.47529668705851463306188975366239901632070541381836
-1.00000000000000000000000000000000000000000000000000
-0.52602226549228225938037439846084453165531158447266
-0.99930882976791646221670362137956544756889343261719
-0.56029801754365538002389257599133998155593872070312
-0.99998772928964885231550852040527388453483581542969
-0.60901507902666263127855472703231498599052429199219
0.98316578580679603316383463607053272426128387451172
0.63938957418206654459424953529378399252891540527344
-0.06878055103047447937925085170718375593423843383789
1.00000000000000000000000000000000000000000000000000
0.46830761226536016250676652816764544695615768432617
0.24692949305312478225360450778680387884378433227539
-0.19854455999045625413934601510845823213458061218262
0.04651686585950056546101549770355632063001394271851
-0.73051798109382171109160708510898984968662261962891
-0.00514893674676045447896610696147945418488234281540
-0.80569580233260607027290234327665530145168304443359
0.00000000000000000000000000000000000000000000000000
-0.78856006066297001932952071001636795699596405029297
0.00000000000000000000000000000000000000000000000000
0.83786501694068715728747065440984442830085754394531
0.15382118738523120615724337767460383474826812744141
0.76253739540551990216954436618834733963012695312500
0.00000000000000000000000000000000000000000000000000
0.00000000000000000000000000000000000000000000000000
1.00000000000000000000000000000000000000000000000000
-1.00000000000000000000000000000000000000000000000000
-0.19404139128521635804247580381343141198158264160156
-0.99698360268239061277029122720705345273017883300781
-0.60223552344037101224927255316288210451602935791016
-0.98552347526682693157340509060304611921310424804688
-0.91387266746139617090705087321111932396888732910156
0.96993444327487254863484622546820901334285736083984
0.99963632859844864242404582910239696502685546875000
0.64656045523652105888601226979517377912998199462891
-0.01239047892546535356572690034226980060338973999023
1.00000000000000000000000000000000000000000000000000
0.47623663786520004093105740139435511082410812377930
-0.65146061474635919008591145029640756547451019287109
0.07167048177624409099895075314634595997631549835205
-0.72124791729521287031445808679563924670219421386719
0.75407722623174255893729878152953460812568664550781
0.00000000000000000000000000000000000000000000000000
-0.80989227102614402831193274323595687747001647949219
-0.30223663778328269113870874207350425422191619873047
-0.98390354584012318372998606719193048775196075439453
-0.90133884544218867418408080993685871362686157226562
0.19535657468780970313915190672560129314661026000977
-0.61190211668753724527647364084259606897830963134766
0.13332030431628880129402148213557666167616844177246
-0.99821890495333176485104331732145510613918304443359
-0.61382275223524873641878230046131648123264312744141
0.86258075077937301777808443148387596011161804199219
0.99911165499599874362246509917895309627056121826172
0.66133787996668713660142202570568770170211791992188
0.67108734638077172096615186092094518244266510009766
1.00000000000000000000000000000000000000000000000000
0.53929518056988334784307426161831244826316833496094
-0.01342610618894408622270297826162277488037943840027
-0.71455778869405739417430822868482209742069244384766
0.00000000000000000000000000000000000000000000000000
-0.85791285061878164164284044090891256928443908691406
-0.71653234132772458675475490963435731828212738037109
0.24141286261764163811882610843895236030220985412598
-0.32909530127240038677172151437844149768352508544922
-0.86616876309586698923226322222035378217697143554688
-0.88418276300487286256668539863312616944313049316406
0.99989154488942255660788305249297991394996643066406
0.61104705704214479222713407580158673226833343505859
0.67578387896765024223100226663518697023391723632812
1.00000000000000000000000000000000000000000000000000
0.47357072711807507436887476615083869546651840209961
-0.17547546321518506240444423838198417797684669494629
0.00000000000000000000000000000000000000000000000000
-0.86105696435167922153652853012317791581153869628906
0.99904317025631328430534949802677147090435028076172
-0.91088701590610643421541681163944303989410400390625
0.67934550118398029372457358476822264492511749267578
1.00000000000000000000000000000000000000000000000000
0.47265304127114676768783851912303362041711807250977
-0.06731244169750745520719448222735081799328327178955
0.00000000000000000000000000000000000000000000000000
-0.78837211285627828427635677144280634820461273193359
1.00000000000000000000000000000000000000000000000000
0.45618883110893021504139710486924741417169570922852
0.00000000000000000000000000000000000000000000000000
1.00000000000000000000000000000000000000000000000000
-0.77005299817236294579458899534074589610099792480469
-0.66905227822654811387081963403034023940563201904297
0.79150954379175531006040955617208965122699737548828
0.95933298630268970530465821866528131067752838134766
-0.89534706910501293819493184855673462152481079101562
0.11231156794023269829274624953541206195950508117676
-0.90519067646496753631879528256831690669059753417969
-0.69035148626623976664262727354071103036403656005859
0.46165674195604267104897644458105787634849548339844
-0.48863747860821932222918917432252783328294754028320
0.46306498244783467210794469792745076119899749755859
-0.38031183294455461751937264125444926321506500244141
-0.95933298630268970530465821866528131067752838134766
0.31849678845449685971047415478096809238195419311523
0.98931991388991580294032246456481516361236572265625
0.48093529357507375232572144341247621923685073852539
0.97332296804635198839150689309462904930114746093750
-0.47176040725691353872051081452809739857912063598633
-0.99758990245183876144352552728378213942050933837891
-0.74592213530748130434488984974450431764125823974609
0.03360054704491305388458499692205805331468582153320
-0.03360054704491305388458499692205805331468582153320
-0.82925824163469818994798288258607499301433563232422
-0.83279290511970560650922834611264988780021667480469
0.04360399448062294430750185370015969965606927871704
-0.83766958957965098608866583163035102188587188720703
-0.01260871525834008320676726810916079557500779628754
-0.88161342832209599329473803663859143853187561035156
-0.27211287315843801781767297143233008682727813720703
-0.97597705813518653705784799967659637331962585449219
0.97597705813518653705784799967659637331962585449219
0.92392836737673667002468391729053109884262084960938
0.88236223645881650679001495518605224788188934326172
0.79657673232821757380861527053639292716979980468750
0.85365691718180591873732510066474787890911102294922
0.91518436411896075810545880813151597976684570312500
-0.08601396960164729710296427356297499500215053558350
-0.78163477919014401340547237850842066109180450439453
-0.56599800099593433611033788110944442451000213623047
-0.99991803958425351517291801428655162453651428222656
-0.53507418468677980794012682963511906564235687255859
0.32378370779826504133325215661898255348205566406250
0.99725479675410000357516082658548839390277862548828
0.45538224044065733764341530331876128911972045898438
0.95471994773667689937468594507663510739803314208984
-0.98752833488011937390638195211067795753479003906250
-0.85058163704919909076096473654615692794322967529297
-0.97332296804635198839150689309462904930114746093750
0.29446604769290524172831169380515348166227340698242
-0.11993317937926702143602852856929530389606952667236
-0.48964938434058702387829953295295126736164093017578
-0.49499279672038615229823221852711867541074752807617
-0.52415917978313342207030700592440553009510040283203
-0.99493531710658744682262977221398614346981048583984
-0.27219153641177717961596727036521770060062408447266
0.27219153641177717961596727036521770060062408447266
0.07802312628292097651527825519224279560148715972900
-0.87237886399682806892741382398526184260845184326172
0.01655828766226055334676026120632741367444396018982
-0.84803116278471724065468606568174436688423156738281
-0.84045646774331661532642101519741117954254150390625
0.87096380094965908380544306055526249110698699951172
-0.05614332738305503195386236825470405165106058120728
0.87124657501451674423975646277540363371372222900391
-0.17698782790479308801856461741408566012978553771973
0.22683016515573631299851342646434204652905464172363
-0.55554232602377295879847451942623592913150787353516
-0.99483383817505111057499789239955134689807891845703
0.87642507627240817669189709704369306564331054687500
-0.05337557597994685432141181991028133779764175415039
0.05337557597994685432141181991028133779764175415039
0.78561068988145810187972983840154483914375305175781
0.93195517421148432735122923986637033522129058837891
-0.86584167800826883354403662451659329235553741455078
-0.99957677360704222380149985838215798139572143554688
-0.99997670489166767815447656175820156931877136230469
-0.50757436697876534559270567115163430571556091308594
-0.51644149044528453451619043335085734724998474121094
0.42967440088619768268074494699249044060707092285156
0.99549813065539294321126817521871998906135559082031
0.56163846277584894561840656024287454783916473388672
0.97349739860590622786418180112377740442752838134766
0.59543521434081592147435912920627743005752563476562
-0.13162331949185132606849890635203337296843528747559
-0.29446604769290524172831169380515348166227340698242
-0.98783377953043904895480409322772175073623657226562
-0.79460722227132984940567439480219036340713500976562
-0.97846748497874758143666440446395426988601684570312
-0.50432393391598828724653458266402594745159149169922
0.96260421897928938328448111860780045390129089355469
-0.48560771949581893469627402737387455999851226806641
0.55187164641569841361246062660939060151576995849609
-0.51737102167900583804538428012165240943431854248047
-0.10046594694333818575948669149511260911822319030762
-0.92807160439280944608242407412035390734672546386719
-0.00304193044178215988085356435988160228589549660683
-0.85321529839513221560309830238111317157745361328125
0.00618090034397848243907791498941151075996458530426
-0.84527247903375690718519308575196191668510437011719
-0.84128314898358469431371986502199433743953704833984
0.95220828412275249075236160933854989707469940185547
0.30384624626034112404582288036181125789880752563477
0.77500069474102628586109631214640103280544281005859
0.99671220445530228637665004498558118939399719238281
0.12898536820519881929136829512572148814797401428223
0.02933541326572301072284076894902682397514581680298
-0.73407935950180869255632387648802250623703002929688
-0.12898536820519881929136829512572148814797401428223
0.31008463463615953958907311971415765583515167236328
-0.08775990359397672913033261465898249298334121704102
-0.88398745837965431171312502556247636675834655761719
-0.99998199800348042121100888834916986525058746337891
-0.99999991834367185639109720796113833785057067871094
-0.47766536204838061507871316280215978622436523437500
-0.99999598891653540544410816437448374927043914794922
-0.49920625001488605487764971258002333343029022216797
0.51765088271758086246876473524025641381740570068359
-0.51072763886367167351920670625986531376838684082031
0.68031056221304220255063910371973179280757904052734
-0.01284628982599783642015722762153018265962600708008
-0.59543521434081592147435912920627743005752563476562
-0.99816334856619304272129511446109972894191741943359
-0.50447957432928480780987001708126626908779144287109
-0.99701663887316538392724396544508635997772216796875
0.99773566199839947010730156762292608618736267089844
-0.47609502804433184719457017308741342276334762573242
0.97804486671770507477674527763156220316886901855469
0.76778367787794155052694122787215746939182281494141
-0.40060298280080047783613395040447358042001724243164
0.51737102167900583804538428012165240943431854248047
0.05381529245674480932404293298532138578593730926514
-0.81279642801861162748622291474021039903163909912109
-0.00230940135574001035451141561338772589806467294693
-0.85569435393294590586066306059365160763263702392578
0.00986591302818091119009036304987603216432034969330
-0.84753180642813219503040045310626737773418426513672
0.00508734917875053489766390413251428981311619281769
-0.84466963014911133900142203856375999748706817626953
0.92063259755387627514267023798311129212379455566406
-0.83753069879912755979489702440332621335983276367188
0.89900713672118959252088643552269786596298217773438
-0.89900713672118959252088643552269786596298217773438
-0.18041587080685930755130641500727506354451179504395
-0.91390596781134092463361184854875318706035614013672
-0.12100672038836977895126523208091384731233119964600
0.00929263205331874904413513860390594345517456531525
0.84679105330172776966435321810422465205192565917969
0.90085203395920576685540481776115484535694122314453
-0.83543816912340573832551626765052787959575653076172
-0.99260763189153977670287076762178912758827209472656
-0.99965074426259259432470116735203191637992858886719
-0.49345669908392408853359256681869737803936004638672
-0.99990592082387419470279610322904773056507110595703
-0.48267241354061229952066014448064379394054412841797
-0.99997155779217838933448092575417831540107727050781
-0.50082765072870794043069508916232734918594360351562
0.28537884406098995571099408152804244309663772583008
-0.52040574686491070099947364724357612431049346923828
-0.99592930921640010488715688552474603056907653808594
-0.41752176859949879927924598632671404629945755004883
-0.99773566199839947010730156762292608618736267089844
-0.18511308514356680787749098726635565981268882751465
-0.04303966612798017232766056849868618883192539215088
-0.44880605884509772174340014316840097308158874511719
0.93983759792573440261520545391249470412731170654297
-0.18251174041901499500717420687578851357102394104004
0.18511308514356680787749098726635565981268882751465
0.05397057026711119670503435941100178752094507217407
-0.73707637887637145190922183246584609150886535644531
-0.05397057026711119670503435941100178752094507217407
-0.99866708008889160108623173073283396661281585693359
0.04203602591229376600479028525114699732512235641479
-0.85498461693315597198505884080077521502971649169922
-0.03188717898489302343678630791146133560687303543091
0.05024736768782499252150586244169971905648708343506
-0.84151839327116795264061011039302684366703033447266
0.00741152104883624051473445248916505079250782728195
-0.85610890192216626548571412058663554489612579345703
0.00155282471882701739868126722399210848379880189896
-0.83809049425710857583737833920167759060859680175781
0.89799141463474296820379549899371340870857238769531
-0.83331729010100485943723924719961360096931457519531
-0.06981232486574304174631322439381619915366172790527
0.17704420679298604746065848303260281682014465332031
-0.71075401847919761344485323206754401326179504394531
0.24204197871323968049850350325868930667638778686523
0.90879372933352664531980735773686319589614868164062
-0.24417073019238097475458459939545718953013420104980
0.24417073019238097475458459939545718953013420104980
-0.86674985423483330571059468638850376009941101074219
-0.99553483892209471139977949860622175037860870361328
-0.42743484646399360071811202033131849020719528198242
-0.98186165881182008163818863977212458848953247070312
-0.99954337407031801365775436352123506367206573486328
-0.46381529270253946117819054961728397756814956665039
-0.99987091107159564717932198618655093014240264892578
-0.48061288258751172497440506958810146898031234741211
-0.99918671196579422755235100339632481336593627929688
-0.51009152282248804155528887349646538496017456054688
0.41843400214501202949435310074477456510066986083984
-0.52671512576667844918176797364139929413795471191406
-0.99929993270928951787368532677646726369857788085938
-0.68652513643876134086241336262901313602924346923828
-0.92564878953520057791592989815399050712585449218750
-0.47892905817094888476503911078907549381256103515625
0.97721988142164117885357654813560657203197479248047
0.73039827226643583291121331058093346655368804931641
-0.12392930218337903924830101232146262191236019134521
0.05549528197663156775520931773826305288821458816528
-0.95984756513615276940498688418301753699779510498047
-0.31663644208174313021686430147383362054824829101562
0.82824835905975424665825812553521245718002319335938
-0.52783897692841741378089182035182602703571319580078
-0.92482630283075872856812793543213047087192535400391
-0.99957619764096983239198834780836477875709533691406
-0.88848672152951102543028127911384217441082000732422
-0.64247923220094771412647105535143055021762847900391
-0.99981795952025775964244758142740465700626373291016
-0.52948056401319754105116999198799021542072296142578
0.30479078413465554575623173150233924388885498046875
-0.87653393442524929479731099490891210734844207763672
0.01844764845011295090193570445080695208162069320679
-0.00219571659855462980592832877846376504749059677124
-0.84180669513159556149872742025763727724552154541016
-0.24781397272634073103425578210590174421668052673340
-0.00329430322051219980766800787819192919414490461349
-0.84150794190305755471115389809710904955863952636719
-0.07075320923444020082548888694873312488198280334473
0.92577563356183156795253808013512752950191497802734
0.88229751159615532607460863800952211022377014160156
-0.81121187222262625127200408314820379018783569335938
-0.16736214241191385565521443368197651579976081848145
0.80412383883820925944974078447557985782623291015625
-0.02897636979749706673259446176871279021725058555603
-0.75644068344201997877718213203479535877704620361328
0.28317779063994563681916361019830219447612762451172
-0.44616636060258413332135773998743388801813125610352
-0.87154431256130826533023991942172870039939880371094
-0.97594295888373439051832747281878255307674407958984
-0.73446158468876165947847312054364010691642761230469
-0.00617984440441717280262379219379909045528620481491
0.98967146726389865207806906255427747964859008789062
-0.99843205876631446749058795830933377146720886230469
-0.45508552900915777428281216998584568500518798828125
-0.99929202037603059860515486434451304376125335693359
-0.55872862843728676729426751990104094147682189941406
-0.99327386610147549994564997177803888916969299316406
-0.50110192324644065031691297917859628796577453613281
0.30158791082151265028343800622678827494382858276367
-0.54189238428191799368249803592334501445293426513672
-0.99401293243220911755031465872889384627342224121094
0.94218335316256718314775753242429345846176147460938
-0.48460816658962152514433796568482648581266403198242
-0.99954550611516335134609789747628383338451385498047
-0.62476075172972045379538030829280614852905273437500
-0.18558371518102015351736611137312138453125953674316
-0.89148153291483123172866953609627671539783477783203
0.12392930218337903924830101232146262191236019134521
0.99957619764096983239198834780836477875709533691406
0.91731301015122823638847648908267728984355926513672
0.92482630283075872856812793543213047087192535400391
0.64011062139538121851245477955671958625316619873047
0.36190627179217432773938867285323794931173324584961
0.59342357355054342615829909846070222556591033935547
0.99981795952025775964244758142740465700626373291016
0.54124297010936162077854305607615970075130462646484
0.99959094136768367189205264367046765983104705810547
0.75683868255764197296997508601634763181209564208984
-0.00020239160764439468828158885660428722985670901835
-0.96688860217189953605299024275154806673526763916016
0.05387340584825916350864005721632565837353467941284
-0.72134447008422530878135603416012600064277648925781
0.42984768469765777254565364273730665445327758789062
0.99619914378087093265179419177002273499965667724609
0.08563012451953773418455995170006644912064075469971
-0.65190370060565794307905207460862584412097930908203
-0.99801637841955992414000320422928780317306518554688
-0.52122676800729350610197343485197052359580993652344
0.99214640331543479945253238838631659746170043945312
-0.99593506943200693637407994174282066524028778076172
0.95512428979633634540391540213022381067276000976562
0.24725890404562428370738302874087821692228317260742
-0.87033409286609453303640293597709387540817260742188
-0.24375254840366708530829953360807849094271659851074
0.99593506943200693637407994174282066524028778076172
0.76519375485113416690552412546821869909763336181641
0.09044956727240940907996957776049384847283363342285
-0.69429487933850664305168720602523535490036010742188
-0.99037620077067045620822227647295221686363220214844
-0.87918170695093234012773564245435409247875213623047
-0.89651616901070896314962510587065480649471282958984
0.89651616901070896314962510587065480649471282958984
0.85968420808085010964560979118687100708484649658203
-0.10979640457527738151011220679720281623303890228271
-0.95822713867890563221862976206466555595397949218750
0.95822713867890563221862976206466555595397949218750
0.84148917105113230086033127008704468607902526855469
-0.62714456270307228358262818801449611783027648925781
-0.99995370422001617072282897424884140491485595703125
0.99995370422001617072282897424884140491485595703125
0.47248310923192954335902982165862340480089187622070
-0.43545003547691318868118059981497935950756072998047
0.72660322541076494129441698532900772988796234130859
0.89017956676892096012920774228405207395553588867188
-0.54909725823567834268601473013404756784439086914062
0.68394200627002210701732565212296321988105773925781
-0.56902185670488525381927047419594600796699523925781
-0.99402984961423324072882223845226690173149108886719
-0.72904013160929515002806056145345792174339294433594
-0.96933876048407319192534714602516032755374908447266
-0.50075637310391496459516247341525740921497344970703
-0.99359030299554462750677430449286475777626037597656
-0.45796557787925840088405493588652461767196655273438
0.91991935086055720560693771403748542070388793945312
0.00020239160764439468828158885660428722985670901835
0.84840382402605474254642103915102779865264892578125
0.86310736846777524888807420211378484964370727539062
0.83730635897418259627755787732894532382488250732422
0.51100699335717680860113887320039793848991394042969
0.99829248871929088249288497536326758563518524169922
0.54571546419206351519193276544683612883090972900391
0.97743496970568310988625171376042999327182769775391
0.41288830743920462706952889675449114292860031127930
-0.53311085525364421133787118378677405416965484619141
0.48957857761782369587777452579757664352655410766602
0.99742671503188962134345274535007774829864501953125
0.49522114390700328057093315692327450960874557495117
0.99977890618577791581600422432529740035533905029297
0.62055976402391310742245877918321639299392700195312
0.99801637841955992414000320422928780317306518554688
0.52569336644305453276615480717737227678298950195312
-0.52283356863534158343043145578121766448020935058594
0.99138795258750500583033726798021234571933746337891
0.05830685037455739933021092724629852455109357833862
-0.72691098850123914143495085227186791598796844482422
0.43762339913575254435329497937345877289772033691406
0.99566702564111897455489952335483394563198089599609
0.99807758614644803696336339271510951220989227294922
0.54490567989657745506804076285334303975105285644531
0.15444891969844046220039501804421888664364814758301
-0.15444891969844046220039501804421888664364814758301
-0.91162035924214956938982368228607811033725738525391
0.03723836259915803276188128734247584361582994461060
-0.77384737776157752620065366500057280063629150390625
-0.30966145398188188453403313360468018800020217895508
-0.75222490029410382650354449651786126196384429931641
0.85207375851863587090662122136563993990421295166016
-0.00311770440562247029558928801407091668806970119476
0.84926687767894692981940352183301001787185668945312
-0.02293158617826184658694543827550660353153944015503
0.67066795963496528276692743020248599350452423095703
0.07929146893477827251484058024288970045745372772217
0.84363774272623581751417987106833606958389282226562
0.00928842500839667170597913070650974987074732780457
0.87469988521052743912775895296363160014152526855469
-0.08016953352928959941614550643862457945942878723145
-0.92014120676927357855845457379473373293876647949219
-0.37060323247661020040766288730083033442497253417969
0.42567804049475826966286717834009323269128799438477
-0.87221543047223815126045565193635411560535430908203
0.17718567983533117793371047810069285333156585693359
-0.80383038523947125675306324410485103726387023925781
-0.98070771109789600661343911269796080887317657470703
-0.63464010233006706851455192008870653808116912841797
-0.99948773737028995256537200475577265024185180664062
0.99948773737028995256537200475577265024185180664062
0.71329261902264617933866475141257978975772857666016
0.88590394827604301841716960552730597555637359619141
0.87745211917368537424266605739830993115901947021484
-0.07460840832155483937082607326374272815883159637451
0.85994430013125178202670895188930444419384002685547
-0.00823550964239681479450716494739026529714465141296
0.91996407817453995647838382865302264690399169921875
0.53311085525364421133787118378677405416965484619141
0.51677047716677659838779845813405700027942657470703
0.99813907123301448542918024031678214669227600097656
0.50790708822174912562275039817905053496360778808594
0.99999955478581747936317469793721102178096771240234
0.52561933351335188291386657510884106159210205078125
-0.54493812169817645862934796241461299359798431396484
0.51764138690604066805889260649564675986766815185547
0.99998046894786296601154162999591790139675140380859
0.51805836494624557531096797902137041091918945312500
0.99986352184053040037525761363212950527667999267578
0.54928874675026351237505650715320371091365814208984
0.99674811337587987392083732629544101655483245849609
0.55125541811616463050427228154148906469345092773438
0.99965232946087867471618437775759957730770111083984
-0.41267897711306322783286759658949449658393859863281
0.68762446748275085628421265937504358589649200439453
-0.32793102379434801996183068695245310664176940917969
-0.99935189781797184593870042590424418449401855468750
-0.14178757438145045410848865685693453997373580932617
0.95002937757098382398623925837455317378044128417969
-0.98858854749574742726281328941695392131805419921875
-0.35993350086257086539731631091854069381952285766602
0.59259815316124841988454363672644831240177154541016
0.98858854749574742726281328941695392131805419921875
0.43189308220300576257599800555908586829900741577148
0.99982585299186688132522249361500144004821777343750
0.84982101235800988625612717441981658339500427246094
-0.01085966752993020034701032727753045037388801574707
0.85215944540403243401271993207046762108802795410156
-0.01210345453646519825463556685463117901235818862915
0.83060586688714532765942522019031457602977752685547
0.00067091129387068012407402406438450270798057317734
0.84633408887233907424985090983682312071323394775391
0.00169036369410792528152065461455322292749769985676
-0.90535669896035175785442561391391791403293609619141
0.01412725128530372201152154332248755963519215583801
-0.77467758557772870009472399033256806433200836181641
-0.99796790772566212890382075784145854413509368896484
0.80383038523947125675306324410485103726387023925781
-0.77044731452479231492702638206537812948226928710938
-0.86435455640314218239694810108630917966365814208984
0.73014961878440087783559420131496153771877288818359
0.03701099469110813444672203331720083951950073242188
0.86251750098922297382841861690394580364227294921875
-0.02768857548658873804492408510213863337412476539612
0.87426526557766925940029523189878091216087341308594
0.10163170005010377372478558299917494878172874450684
0.85843952550626267949951397895347326993942260742188
-0.00679521897176193177825265223646056256256997585297
0.87956362217839800798913074686424806714057922363281
0.27560031828189918146065906512376386672258377075195
-0.27560031828189918146065906512376386672258377075195
0.52368522560906816121217843829072080552577972412109
0.99995804317659464643952560436446219682693481445312
0.53083917231870425545992020488483831286430358886719
0.99981967367011204128601775664719752967357635498047
0.53957394649300960409732397238258272409439086914062
0.99545656268245596987043199987965635955333709716797
0.53394858038050596604762176866643130779266357421875
0.99998419310372976820389112617704086005687713623047
0.53288488108214671079565505351638421416282653808594
0.99999986522461048465970634424593299627304077148438
-0.11645029392559752556834951064956840127706527709961
-0.93157813715863990733367927532526664435863494873047
-0.34471304873493835430053877644240856170654296875000
-0.99707795595164216972960957718896679580211639404297
-0.39524973551129782833868375746533274650573730468750
0.28580439380540245686290745652513578534126281738281
-0.90378142212707512914704466311377473175525665283203
0.35993350086257086539731631091854069381952285766602
0.61283232488376848667854801533394493162631988525391
-0.44443578674444539355903316391049884259700775146484
0.56698707488503119478195912961382418870925903320312
0.99777090680704527692057581589324399828910827636719
0.85175313885538284086607063727569766342639923095703
-0.00868659389901220956031746567305162898264825344086
0.85349454417302106357112734258407726883888244628906
-0.00695790385178093623991246730042803392279893159866
-0.95109780080215433617496501028654165565967559814453
0.09986462559828723772881176046212203800678253173828
-0.85132914543284243791276821866631507873535156250000
-0.35407616011880654882659769100428093224763870239258
-0.89316100409085763534022817111690528690814971923828
-0.89457302094532042957553130690939724445343017578125
0.89639269898123108415433080153889022767543792724609
0.12731139433622662426870419949409551918506622314453
0.99630653111950417955000602887594141066074371337891
0.85788868604806178819188744455459527671337127685547
0.11373232829997537152166842133738100528717041015625
0.85750699620778225717998566324240528047084808349609
-0.05876662702113052971775175592483719810843467712402
0.85338332841524444649650149585795588791370391845703
-0.01945722328253513336293600843873718986287713050842
0.83827074185246897020107326170546002686023712158203
0.73885315191482625607477530138567090034484863281250
-0.01732071873242832515948919080983614549040794372559
0.01732071873242832515948919080983614549040794372559
0.53762914396848826559249800993711687624454498291016
0.99999681344839541630165058450074866414070129394531
0.55027150892468068565932526325923390686511993408203
0.99998812220867105970967259054305031895637512207031
0.57099960192134946446174126322148367762565612792969
0.99670580969751498834341418842086568474769592285156
-0.43581001459852902746305858272535260766744613647461
-0.99977367966219543582440110185416415333747863769531
-0.46534663532946290986913595588703174144029617309570
-0.99930882976791646221670362137956544756889343261719
-0.34670613864974852980083142028888687491416931152344
0.34670613864974852980083142028888687491416931152344
-0.53072444070903346258205601770896464586257934570312
0.56679196414964161387928243129863403737545013427734
0.54068220206409456363161325498367659747600555419922
0.99582257446424538027685002816724590957164764404297
0.58642449719551847930887333859573118388652801513672
0.99966985299517130414415078121237456798553466796875
-0.89106146930026053354367832071147859096527099609375
0.20675118838306211221933494925906416028738021850586
-0.81215011975651585363067397338454611599445343017578
-0.19854455999045625413934601510845823213458061218262
-0.78517795216686070425282650830922648310661315917969
-0.99561367192571681439261510604410432279109954833984
0.89316100409085763534022817111690528690814971923828
0.64433837405764560202214852324686944484710693359375
0.07119501426491511852923110836854903027415275573730
0.91273739029417000345745236700167879462242126464844
-0.13200072461927200850873020954168168827891349792480
0.84943519740563322439896865034825168550014495849609
-0.03839359175533088586185215262958081439137458801270
-0.84790968308922642915348433234612457454204559326172
0.24692949305312478225360450778680387884378433227539
0.84358353184684475856158769602188840508460998535156
-0.11508691659984604527267038065474480390548706054688
0.79144215540156293009488308598520234227180480957031
0.51249316056405147534746902238111943006515502929688
-0.44489967695215382192941433459054678678512573242188
-0.51455400799517558851903231698088347911834716796875
-0.99998772928964885231550852040527388453483581542969
-0.53319967329852191451067255911766551434993743896484
-0.99698360268239061277029122720705345273017883300781
-0.48067867332520430867504046545946039259433746337891
-0.98552347526682693157340509060304611921310424804688
-0.46851988844159936364874852188222575932741165161133
-0.98573408753364710754851785168284550309181213378906
-0.60901507902666263127855472703231498599052429199219
0.39982978496711901739146810541569720953702926635742
0.79365691531427240423823832315974868834018707275391
0.98573408753364710754851785168284550309181213378906
0.97497004922189933751042190124280750751495361328125
0.60785649176268141680168355378555133938789367675781
0.98316578580679603316383463607053272426128387451172
-0.73051798109382171109160708510898984968662261962891
-0.99971938434941332030092553395661525428295135498047
0.78517795216686070425282650830922648310661315917969
-0.85760548708930828265550871947198174893856048583984
0.82773402627212966375935820906306616961956024169922
0.04651686585950056546101549770355632063001394271851
0.91157548921431330590792185830650851130485534667969
-0.00514893674676045447896610696147945418488234281540
-0.95859405140514974963394934093230403959751129150391
0.15382118738523120615724337767460383474826812744141
-0.65146061474635919008591145029640756547451019287109
-0.30223663778328269113870874207350425422191619873047
-0.90133884544218867418408080993685871362686157226562
0.90443428996446073586668035204638727009296417236328
0.68970945601866762153520085121272131800651550292969
-0.19404139128521635804247580381343141198158264160156
0.70032491754557457674934539681999012827873229980469
-0.42455657836232696400458053176407702267169952392578
-0.94355517259690613318667828934849239885807037353516
-0.60327687084342074275156164731015451252460479736328
0.20530791967761899408095871422119671478867530822754
0.60327687084342074275156164731015451252460479736328
0.65869464853058168340993461242760531604290008544922
0.94355517259690613318667828934849239885807037353516
0.93898967829385493466531897865934297442436218261719
0.49267379512089931603568970786000136286020278930664
0.99963632859844864242404582910239696502685546875000
-0.98390354584012318372998606719193048775196075439453
0.90426148408377149401360384217696264386177062988281
0.09091124450745412255425748071502312086522579193115
0.99997796168035069097612677069264464080333709716797
0.88908972631233418315588323821430094540119171142578
0.07167048177624409099895075314634595997631549835205
-0.97906844072125376321480416663689538836479187011719
-0.51339403327643717833694836372160352766513824462891
-0.83596000203093923097696915647247806191444396972656
-0.71653234132772458675475490963435731828212738037109
-0.99821890495333176485104331732145510613918304443359
-0.86616876309586698923226322222035378217697143554688
-0.61382275223524873641878230046131648123264312744141
0.11578491781200024590692265746838529594242572784424
-0.11578491781200024590692265746838529594242572784424
0.66133787996668713660142202570568770170211791992188
-0.00166088700612192371151853986788182737655006349087
0.86258075077937301777808443148387596011161804199219
0.46296357137521149116565766234998591244220733642578
0.99911165499599874362246509917895309627056121826172
0.75407722623174255893729878152953460812568664550781
0.38792240582375947521853731814189814031124114990234
0.88220260161867647408229231587029062211513519287109
-0.01342610618894408622270297826162277488037943840027
-0.88418276300487286256668539863312616944313049316406
-0.68274726465853996515420476498547941446304321289062
-0.99911196524546219688289738769526593387126922607422
-0.68760194668490148828254859836306422948837280273438
0.00286124159602402488439265582087500661145895719528
0.67578387896765024223100226663518697023391723632812
0.99911196524546219688289738769526593387126922607422
0.08366935539766361118463322554816841147840023040771
0.43042273571622752248444498945900704711675643920898
0.99989154488942255660788305249297991394996643066406
0.68274726465853996515420476498547941446304321289062
0.87256728905601754764376210005139000713825225830078
-0.17547546321518506240444423838198417797684669494629
0.67934550118398029372457358476822264492511749267578
0.03647307827666729923565824833531223703175783157349
-0.03647307827666729923565824833531223703175783157349
0.49058807876721288732113634978304617106914520263672
0.99904317025631328430534949802677147090435028076172
0.80200190572958507395640026516048237681388854980469
0.83627581307777254515656295552616938948631286621094
-0.06731244169750745520719448222735081799328327178955
0.45618883110893021504139710486924741417169570922852
-0.45664088879664271880542969483940396457910537719727
0.90650751507886762059484908604645170271396636962891
0.67344595478125646170752816033200360834598541259766
-0.97198067708105739814783419205923564732074737548828
0.46306498244783467210794469792745076119899749755859
0.88236223645881650679001495518605224788188934326172
0.07487970708797962726688268730868003331124782562256
-0.69035148626623976664262727354071103036403656005859
-0.89534706910501293819493184855673462152481079101562
-0.66905227822654811387081963403034023940563201904297
0.46165674195604267104897644458105787634849548339844
0.97198067708105739814783419205923564732074737548828
0.49674062647729577690824953606352210044860839843750
0.94688246771098705245606197422603145241737365722656
0.69002569386270107276715179978054948151111602783203
-0.28345292648893249953800932416925206780433654785156
-0.46372387771212597584735704003833234310150146484375
0.32239608712183132066542157190269790589809417724609
-0.62864411746965376259765889699338003993034362792969
0.28345292648893249953800932416925206780433654785156
0.41314860191280794454726787989784497767686843872070
-0.56599800099593433611033788110944442451000213623047
0.39057255308423555195673770867870189249515533447266
-0.77005299817236294579458899534074589610099792480469
0.85258307060369775687291848953464068472385406494141
-0.85608394592991432503481519233901053667068481445312
-0.82496069981836939177810563705861568450927734375000
-0.83279290511970560650922834611264988780021667480469
-0.84836507042823960933475291312788613140583038330078
-0.90519067646496753631879528256831690669059753417969
-0.94688246771098705245606197422603145241737365722656
-0.88161342832209599329473803663859143853187561035156
-0.38031183294455461751937264125444926321506500244141
0.85365691718180591873732510066474787890911102294922
0.88280755346741635047891350041027180850505828857422
0.19275936408846292002827738087944453582167625427246
0.86506274264417759578549294019467197358608245849609
0.28046085149681199144566789982491172850131988525391
0.86163441949592889379516691406024619936943054199219
0.91518436411896075810545880813151597976684570312500
-0.77782841654281975607432286778930574655532836914062
0.48132134261218301185536461161973420530557632446289
-0.53507418468677980794012682963511906564235687255859
0.50411794685908706270538459648378193378448486328125
-0.49972155677027674247625554926344193518161773681641
0.31849678845449685971047415478096809238195419311523
-0.60584459515444366584091540062217973172664642333984
0.32378370779826504133325215661898255348205566406250
-0.49499279672038615229823221852711867541074752807617
0.55775976476614896881756067159585654735565185546875
-0.11993317937926702143602852856929530389606952667236
-0.48964938434058702387829953295295126736164093017578
0.97192949511417392471912535256706178188323974609375
-0.97192949511417392471912535256706178188323974609375
0.51001812272262525560506674082716926932334899902344
0.49153246305640219127042200852883979678153991699219
-0.52415917978313342207030700592440553009510040283203
0.55187164641569841361246062660939060151576995849609
-0.85258307060369775687291848953464068472385406494141
-0.82925824163469818994798288258607499301433563232422
-0.89211548384254701904438888959703035652637481689453
-0.83766958957965098608866583163035102188587188720703
-0.86025531861786919129997386335162445902824401855469
-0.85558721823387118288195551940589211881160736083984
0.88199282086421249005070421844720840454101562500000
0.87096380094965908380544306055526249110698699951172
0.79043257179339776463677935680607333779335021972656
0.87124657501451674423975646277540363371372222900391
-0.78163477919014401340547237850842066109180450439453
-0.90652523186696798429551336084841750562191009521484
-0.28046085149681199144566789982491172850131988525391
0.93195517421148432735122923986637033522129058837891
-0.99483383817505111057499789239955134689807891845703
0.87642507627240817669189709704369306564331054687500
0.86481120941027977977455520885996520519256591796875
0.31008463463615953958907311971415765583515167236328
-0.86116961383680434849452467460650950670242309570312
-0.50757436697876534559270567115163430571556091308594
-0.51644149044528453451619043335085734724998474121094
0.50344126542199996166004893893841654062271118164062
0.51712013426100822410802493322989903390407562255859
-0.55176490747190143348888113905559293925762176513672
0.45538224044065733764341530331876128911972045898438
-0.65234195394149052660281995486002415418624877929688
0.42967440088619768268074494699249044060707092285156
-0.13162331949185132606849890635203337296843528747559
-0.78156790758437477695252937337500043213367462158203
0.78156790758437477695252937337500043213367462158203
-0.50432393391598828724653458266402594745159149169922
0.41863772100012441867988854937721043825149536132812
-0.50447957432928480780987001708126626908779144287109
0.63230435827346431754136801828281022608280181884766
0.56163846277584894561840656024287454783916473388672
0.48231664559377579459820140073134098201990127563477
0.99958343799463100776137025604839436709880828857422
-0.99958343799463100776137025604839436709880828857422
-0.87237886399682806892741382398526184260845184326172
-0.65710223530999012364617328785243444144725799560547
-0.84803116278471724065468606568174436688423156738281
-0.83997065689835814783492651258711703121662139892578
-0.84045646774331661532642101519741117954254150390625
-0.85358002889583728389766292821150273084640502929688
-0.85838753114583465908538073563249781727790832519531
0.84129597458185001457309226680081337690353393554688
0.95220828412275249075236160933854989707469940185547
0.99671220445530228637665004498558118939399719238281
0.65373762402762292111901842872612178325653076171875
0.77500069474102628586109631214640103280544281005859
-0.86584167800826883354403662451659329235553741455078
-0.77515445068566124486864055143087171018123626708984
-0.99979389878054825135933469937299378216266632080078
-0.73407935950180869255632387648802250623703002929688
0.92063259755387627514267023798311129212379455566406
-0.85766347654251462451213683380046859383583068847656
-0.47766536204838061507871316280215978622436523437500
-0.49920625001488605487764971258002333343029022216797
0.50631092702565028140782033005962148308753967285156
-0.51072763886367167351920670625986531376838684082031
0.52256142483129763842697457221220247447490692138672
-0.45017737153017972628887832797772716730833053588867
0.52529337636967476932170484360540285706520080566406
-0.01284628982599783642015722762153018265962600708008
-0.71510642653821443470718577373190782964229583740234
0.71510642653821443470718577373190782964229583740234
-0.47609502804433184719457017308741342276334762573242
0.59514925592443468360670522088184952735900878906250
-0.41752176859949879927924598632671404629945755004883
0.68031056221304220255063910371973179280757904052734
0.59943447936566918166079176444327458739280700683594
0.51765088271758086246876473524025641381740570068359
-0.48993436492228131795556578254036139696836471557617
0.48998439774359298093386883010680321604013442993164
0.95903879739613762112071526644285768270492553710938
-0.92807160439280944608242407412035390734672546386719
-0.95903879739613762112071526644285768270492553710938
-0.85321529839513221560309830238111317157745361328125
-0.83415104326774291987334208897664211690425872802734
-0.84527247903375690718519308575196191668510437011719
-0.84865127715982224820834289857884868979454040527344
-0.84128314898358469431371986502199433743953704833984
-0.86075058403165671805368219793308526277542114257812
0.84410683012682896642076002535759471356868743896484
-0.86497645875385675839908117268350906670093536376953
0.90085203395920576685540481776115484535694122314453
-0.65373762402762292111901842872612178325653076171875
-0.88398745837965431171312502556247636675834655761719
-0.72229855571277445935862715487019158899784088134766
-0.91390596781134092463361184854875318706035614013672
0.89799141463474296820379549899371340870857238769531
0.85751624023618489012221743905683979392051696777344
0.24204197871323968049850350325868930667638778686523
-0.79317623670193648788284690454020164906978607177734
-0.49345669908392408853359256681869737803936004638672
-0.48267241354061229952066014448064379394054412841797
0.51317844853994021292464822181500494480133056640625
-0.50082765072870794043069508916232734918594360351562
0.53358499216624122318819445354165509343147277832031
-0.52040574686491070099947364724357612431049346923828
0.54087885187705275757963363503222353756427764892578
-0.49271638742335488458934378286357969045639038085938
0.52274532527944395088326245968346484005451202392578
-0.44880605884509772174340014316840097308158874511719
0.67514743112924813228659104424878023564815521240234
-0.04303966612798017232766056849868618883192539215088
-0.89262020116277007719673974861507304012775421142578
0.89262020116277007719673974861507304012775421142578
0.54571109429254804901177067222306504845619201660156
0.28537884406098995571099408152804244309663772583008
-0.86652031138107299401696081986301578581333160400391
0.86652031138107299401696081986301578581333160400391
-0.81279642801861162748622291474021039903163909912109
0.39976772978261965185708959324983879923820495605469
0.82824835905975424665825812553521245718002319335938
-0.42743484646399360071811202033131849020719528198242
-0.85569435393294590586066306059365160763263702392578
-0.87703153425201163528868164576124399900436401367188
-0.85498461693315597198505884080077521502971649169922
-0.84753180642813219503040045310626737773418426513672
-0.86485472395806883838531575747765600681304931640625
-0.84466963014911133900142203856375999748706817626953
-0.86843278211840901903428857622202485799789428710938
-0.83753069879912755979489702440332621335983276367188
-0.86887467004301877082639293803367763757705688476562
0.87314599513910395867100078248768113553524017333984
-0.86996111319068636369422620191471651196479797363281
0.88229751159615532607460863800952211022377014160156
-0.83543816912340573832551626765052787959575653076172
-0.89025231891470135714428124629193916916847229003906
-0.71075401847919761344485323206754401326179504394531
0.92577563356183156795253808013512752950191497802734
-0.99950596718541107055244765433599241077899932861328
0.90879372933352664531980735773686319589614868164062
-0.86918759386206434491839445399818941950798034667969
-0.46381529270253946117819054961728397756814956665039
0.68128621508802267303650523899705149233341217041016
-0.00617984440441717280262379219379909045528620481491
-0.48061288258751172497440506958810146898031234741211
0.45628450847702262116456495277816429734230041503906
-0.51009152282248804155528887349646538496017456054688
0.56705170993596476503029180094017647206783294677734
-0.52671512576667844918176797364139929413795471191406
0.50752623456566203774542600513086654245853424072266
-0.61716003696440691062008454537135548889636993408203
0.55395144631347026376033682026900351047515869140625
-0.47892905817094888476503911078907549381256103515625
0.68353650596337067746333104878431186079978942871094
0.05549528197663156775520931773826305288821458816528
0.55134210068082001310330042542773298919200897216797
0.41843400214501202949435310074477456510066986083984
-0.18251174041901499500717420687578851357102394104004
-0.93802187724208985208917965792352333664894104003906
0.93802187724208985208917965792352333664894104003906
-0.87698555438602132650061093954718671739101409912109
0.39263041616830607338783920567948371171951293945312
0.87698555438602132650061093954718671739101409912109
0.51209027318564104280795845625107176601886749267578
-0.52783897692841741378089182035182602703571319580078
-0.47885721078068260725402183197729755192995071411133
-0.18832808175753756874115651953616179525852203369141
-0.93640113386627144009821677173022180795669555664062
-0.52948056401319754105116999198799021542072296142578
0.47557483829614161097154578783374745398759841918945
-0.47557483829614161097154578783374745398759841918945
0.01844764845011295090193570445080695208162069320679
0.90854481013050381044138248398667201399803161621094
-0.83809049425710857583737833920167759060859680175781
-0.87653393442524929479731099490891210734844207763672
-0.90854481013050381044138248398667201399803161621094
-0.83331729010100485943723924719961360096931457519531
-0.88073816473209021182810829486697912216186523437500
-0.84150794190305755471115389809710904955863952636719
0.28317779063994563681916361019830219447612762451172
0.85819602793535976203997961420100182294845581054688
-0.88933993500687169575513735253480263054370880126953
0.95512428979633634540391540213022381067276000976562
0.99214640331543479945253238838631659746170043945312
-0.86674985423483330571059468638850376009941101074219
-0.76470368192538418217196749537833966314792633056641
-0.75644068344201997877718213203479535877704620361328
-0.99930009656132412487750116270035505294799804687500
-0.84908984589499247874755383236333727836608886718750
-0.45508552900915777428281216998584568500518798828125
0.15528559374702527451361788735084701329469680786133
0.98967146726389865207806906255427747964859008789062
0.47885721078068260725402183197729755192995071411133
-0.50110192324644065031691297917859628796577453613281
0.70565452772695436145511393988272175192832946777344
-0.54189238428191799368249803592334501445293426513672
0.54270440020216359489069191113230772316455841064453
-0.55872862843728676729426751990104094147682189941406
0.43321525995155168997641226269479375332593917846680
-0.54768981327768972988678797264583408832550048828125
0.57633723508648426747669191172462888062000274658203
-0.43545003547691318868118059981497935950756072998047
0.30158791082151265028343800622678827494382858276367
0.52018693933442383681153842189814895391464233398438
-0.48460816658962152514433796568482648581266403198242
0.72288509570620740340984866634244099259376525878906
-0.86625715991757168410458689322695136070251464843750
0.08374329048593302793346282442144001834094524383545
0.86625715991757168410458689322695136070251464843750
0.32553137285682554047383518991409800946712493896484
0.30479078413465554575623173150233924388885498046875
0.91731301015122823638847648908267728984355926513672
0.85940560385755004890739883194328285753726959228516
0.91991935086055720560693771403748542070388793945312
-0.24781397272634073103425578210590174421668052673340
0.59342357355054342615829909846070222556591033935547
-0.43586512310248948232072052633156999945640563964844
0.54124297010936162077854305607615970075130462646484
-0.35649221810539050148136652751418296247720718383789
-0.80673580790814014562783995643258094787597656250000
-0.83113553689791985767953974573174491524696350097656
-0.84180669513159556149872742025763727724552154541016
-0.86068430677964069541729941192897967994213104248047
-0.72134447008422530878135603416012600064277648925781
0.42984768469765777254565364273730665445327758789062
-0.81121187222262625127200408314820379018783569335938
-0.92686094225631887599803349075955338776111602783203
-0.52122676800729350610197343485197052359580993652344
0.46770954996647168266932226288190577179193496704102
0.59868001333013098896884685018449090421199798583984
-0.59868001333013098896884685018449090421199798583984
0.70157809237354884501769447524566203355789184570312
0.99138795258750500583033726798021234571933746337891
-0.87885796749013911366432694194372743368148803710938
-0.87033409286609453303640293597709387540817260742188
0.47441655790488207466992776062397751957178115844727
0.94201815895887353047299939134973101317882537841797
-0.87154431256130826533023991942172870039939880371094
-0.75369146351002003214603064407128840684890747070312
-0.47441655790488207466992776062397751957178115844727
-0.88327193728157893382046950137009844183921813964844
-0.03492535885484976398984713341633323580026626586914
-0.15528559374702527451361788735084701329469680786133
0.89366591472741829793591250563622452318668365478516
0.84840382402605474254642103915102779865264892578125
-0.52261258782198227734738793515134602785110473632812
0.84148917105113230086033127008704468607902526855469
0.03492535885484976398984713341633323580026626586914
0.25169056478115431341180396884738001972436904907227
-0.62714456270307228358262818801449611783027648925781
0.52261258782198227734738793515134602785110473632812
-0.67433816725407602632458292646333575248718261718750
0.72660322541076494129441698532900772988796234130859
0.89017956676892096012920774228405207395553588867188
-0.25169056478115431341180396884738001972436904907227
-0.98045574488160136539249833731446415185928344726562
-0.18558371518102015351736611137312138453125953674316
0.54446828781779577077770682080881670117378234863281
-0.56902185670488525381927047419594600796699523925781
0.46998377981319577889607330689614173024892807006836
-0.72904013160929515002806056145345792174339294433594
-0.96933876048407319192534714602516032755374908447266
-0.45796557787925840088405493588652461767196655273438
0.71329261902264617933866475141257978975772857666016
0.84162482245447611806099530440405942499637603759766
0.83730635897418259627755787732894532382488250732422
0.86310736846777524888807420211378484964370727539062
-0.01524034518941774253575349717948483885265886783600
0.95670018326055472623892228511977009475231170654297
-0.51155419013673153472154808696359395980834960937500
0.51100699335717680860113887320039793848991394042969
-0.46497525445020632117731906873814295977354049682617
0.54571546419206351519193276544683612883090972900391
-0.43653413928083562023374497584882192313671112060547
-0.95670018326055472623892228511977009475231170654297
-0.46770954996647168266932226288190577179193496704102
0.48957857761782369587777452579757664352655410766602
-0.55595814285678324395689742232207208871841430664062
0.49522114390700328057093315692327450960874557495117
-0.24375254840366708530829953360807849094271659851074
0.62055976402391310742245877918321639299392700195312
-0.47982157612128334411849550633633043617010116577148
-0.99803755908892832771073244657600298523902893066406
0.74873097496339968692780075798509642481803894042969
0.99807758614644803696336339271510951220989227294922
-0.88900212590459193329195386468200013041496276855469
-0.72691098850123914143495085227186791598796844482422
0.43762339913575254435329497937345877289772033691406
0.67185283858218203256740252982126548886299133300781
0.95002937757098382398623925837455317378044128417969
-0.99037620077067045620822227647295221686363220214844
0.54490567989657745506804076285334303975105285644531
-0.86577418602492739463372117825201712548732757568359
-0.87918170695093234012773564245435409247875213623047
-0.85156311696602016159118875293643213808536529541016
-0.91162035924214956938982368228607811033725738525391
-0.87861343771189415186029236792819574475288391113281
0.87542558480585552782571312491199932992458343505859
0.84926687767894692981940352183301001787185668945312
0.86850533815072883392360836296575143933296203613281
0.85994430013125178202670895188930444419384002685547
0.92421656482756375794451741967350244522094726562500
0.84363774272623581751417987106833606958389282226562
0.87790085727480626776042527126264758408069610595703
0.84982101235800988625612717441981658339500427246094
0.87741289342397810191442886207369156181812286376953
0.83060586688714532765942522019031457602977752685547
-0.70891264396593012264702338143251836299896240234375
-0.99994548243661229847134563897270709276199340820312
-0.54909725823567834268601473013404756784439086914062
-0.85256645210899695275230669722077436745166778564453
-0.92014120676927357855845457379473373293876647949219
-0.98070771109789600661343911269796080887317657470703
-0.37110803674177295086167305271374061703681945800781
0.22474000701879662256210679061041446402668952941895
-0.63464010233006706851455192008870653808116912841797
0.37110803674177295086167305271374061703681945800781
0.88590394827604301841716960552730597555637359619141
-0.22474000701879662256210679061041446402668952941895
0.85032688824661706306073938321787863969802856445312
0.91996407817453995647838382865302264690399169921875
0.85274111302067456819031576742418110370635986328125
0.87426526557766925940029523189878091216087341308594
0.66514827880413396332670572519418783485889434814453
0.99998507537433911629420890676556155085563659667969
-0.51246416368197311719256958895130082964897155761719
0.51677047716677659838779845813405700027942657470703
-0.47290870996632167200246499305649194866418838500977
0.50790708822174912562275039817905053496360778808594
-0.45065550404446125254409594163007568567991256713867
-0.99998507537433911629420890676556155085563659667969
-0.52283356863534158343043145578121766448020935058594
0.51764138690604066805889260649564675986766815185547
-0.52495653612676240751255818395293317735195159912109
0.51805836494624557531096797902137041091918945312500
-0.58491714294314578470590504366555251181125640869141
0.54928874675026351237505650715320371091365814208984
-0.50570397160696167748739071612362749874591827392578
0.55125541811616463050427228154148906469345092773438
0.72675541746740124349202005760162137448787689208984
0.99663286916505455792503198608756065368652343750000
0.77926946573566036047253646756871603429317474365234
-0.32793102379434801996183068695245310664176940917969
0.76749775977896017575830001078429631888866424560547
0.95339973560114343875682152429362758994102478027344
-0.41757409603351824944894588043098337948322296142578
-0.95339973560114343875682152429362758994102478027344
-0.30966145398188188453403313360468018800020217895508
0.59259815316124841988454363672644831240177154541016
-0.75222490029410382650354449651786126196384429931641
0.43189308220300576257599800555908586829900741577148
0.86574997495106331690806200640508905053138732910156
0.85215944540403243401271993207046762108802795410156
0.85868417723732792801172308827517554163932800292969
0.85843952550626267949951397895347326993942260742188
0.87874375776207969135356279366533271968364715576172
0.84633408887233907424985090983682312071323394775391
0.86380521584876968077537640056107193231582641601562
0.85175313885538284086607063727569766342639923095703
-0.82529321065188676609380991067155264317989349365234
-0.87221543047223815126045565193635411560535430908203
-0.99796790772566212890382075784145854413509368896484
-0.71085046473124446908542495293659158051013946533203
0.71085046473124446908542495293659158051013946533203
-0.86435455640314218239694810108630917966365814208984
0.12731139433622662426870419949409551918506622314453
0.92279317086371948075651516774087212979793548583984
0.89639269898123108415433080153889022767543792724609
0.86677126987480235253968885444919578731060028076172
0.85788868604806178819188744455459527671337127685547
0.82846127896513144239776238464401103556156158447266
0.87956362217839800798913074686424806714057922363281
0.84783965290419227578411209833575412631034851074219
0.85750699620778225717998566324240528047084808349609
0.88595434087341373707857883346150629222393035888672
-0.54493812169817645862934796241461299359798431396484
0.85378729373408568381620398213271982967853546142578
-0.50348772842894595758167497479007579386234283447266
0.52368522560906816121217843829072080552577972412109
-0.47810040475089776723649492851109243929386138916016
0.53083917231870425545992020488483831286430358886719
-0.47346216408863250890703966433648020029067993164062
0.53957394649300960409732397238258272409439086914062
-0.49875125345581061697686209299718029797077178955078
0.53394858038050596604762176866643130779266357421875
-0.49459233979620076393501904021832160651683807373047
0.53288488108214671079565505351638421416282653808594
0.67087878796074940090932159364456310868263244628906
-0.11645029392559752556834951064956840127706527709961
0.60594179541839876534936593088787049055099487304688
-0.34471304873493835430053877644240856170654296875000
0.28580439380540245686290745652513578534126281738281
0.80853979696734812332437059012590907514095306396484
-0.39524973551129782833868375746533274650573730468750
0.95473208635026407531398717765114270150661468505859
-0.60201726168861202648230346312629990279674530029297
-0.95473208635026407531398717765114270150661468505859
-0.66528334646614228908845234400359913706779479980469
0.56698707488503119478195912961382418870925903320312
0.85936830396782304397618190705543383955955505371094
0.85349454417302106357112734258407726883888244628906
0.85280660635934879554298504444886930286884307861328
0.85338332841524444649650149585795588791370391845703
-0.81948003776650746310394879401428624987602233886719
-0.90535669896035175785442561391391791403293609619141
-0.71120195337418568026777165869134478271007537841797
-0.95109780080215433617496501028654165565967559814453
-0.89457302094532042957553130690939724445343017578125
-0.30859956202752064635674855708202812820672988891602
0.78288474103677629933883963531116023659706115722656
0.99630653111950417955000602887594141066074371337891
0.30859956202752064635674855708202812820672988891602
0.85692388823528153896091907881782390177249908447266
0.91273739029417000345745236700167879462242126464844
0.85224207809593444107321147384936921298503875732422
0.83827074185246897020107326170546002686023712158203
0.84894221367551780943472294893581420183181762695312
0.84943519740563322439896865034825168550014495849609
0.85693025736173666917494529116083867847919464111328
-0.37574315800788249397612617030972614884376525878906
0.79144215540156293009488308598520234227180480957031
-0.85378729373408568381620398213271982967853546142578
-0.48988981944791382128201462364813778549432754516602
0.53762914396848826559249800993711687624454498291016
-0.47795141853651990082596512365853413939476013183594
0.55027150892468068565932526325923390686511993408203
-0.45750745924035191025680546772491652518510818481445
0.57099960192134946446174126322148367762565612792969
0.52401982418399650764939678992959670722484588623047
-0.43581001459852902746305858272535260766744613647461
0.52785450617373463888526430309866555035114288330078
-0.46534663532946290986913595588703174144029617309570
0.56679196414964161387928243129863403737545013427734
-0.80853979696734812332437059012590907514095306396484
0.56029801754365538002389257599133998155593872070312
0.97497004922189933751042190124280750751495361328125
-0.44443578674444539355903316391049884259700775146484
0.54068220206409456363161325498367659747600555419922
-0.58099805919809266452347173981252126395702362060547
0.58642449719551847930887333859573118388652801513672
-0.81910941027995531893424185909680090844631195068359
-0.85132914543284243791276821866631507873535156250000
-0.75536437478973650350155821797670796513557434082031
-0.89106146930026053354367832071147859096527099609375
-0.99561367192571681439261510604410432279109954833984
-0.65785276479476606503737912134965881705284118652344
0.65785276479476606503737912134965881705284118652344
0.92310069739941325028809160357923246920108795166016
0.82773402627212966375935820906306616961956024169922
0.85067597112601434083956064569065347313880920410156
0.91157548921431330590792185830650851130485534667969
0.84136966386507183734977388667175546288490295410156
0.84358353184684475856158769602188840508460998535156
-0.88241219783843583002180821495130658149719238281250
-0.81215011975651585363067397338454611599445343017578
0.82281845369506856346930590007104910910129547119141
0.90443428996446073586668035204638727009296417236328
0.97044252188166413297665258141933009028434753417969
-0.44839576269447373180199178932525683194398880004883
-0.97044252188166413297665258141933009028434753417969
0.47529668705851463306188975366239901632070541381836
-0.51455400799517558851903231698088347911834716796875
0.52602226549228225938037439846084453165531158447266
-0.53319967329852191451067255911766551434993743896484
0.70032491754557457674934539681999012827873229980469
-0.48067867332520430867504046545946039259433746337891
0.39982978496711901739146810541569720953702926635742
-0.46851988844159936364874852188222575932741165161133
0.60223552344037101224927255316288210451602935791016
0.93898967829385493466531897865934297442436218261719
-0.38145154908847167529728494628216139972209930419922
0.06878055103047447937925085170718375593423843383789
0.79365691531427240423823832315974868834018707275391
-0.52903222263171756356570085699786432087421417236328
0.60785649176268141680168355378555133938789367675781
-0.99971938434941332030092553395661525428295135498047
-0.70265716960397117674119726871140301227569580078125
0.70265716960397117674119726871140301227569580078125
0.09091124450745412255425748071502312086522579193115
0.80569580233260607027290234327665530145168304443359
0.90426148408377149401360384217696264386177062988281
0.78856006066297001932952071001636795699596405029297
0.88908972631233418315588323821430094540119171142578
-0.83786501694068715728747065440984442830085754394531
-0.84790968308922642915348433234612457454204559326172
-0.85760548708930828265550871947198174893856048583984
-0.95859405140514974963394934093230403959751129150391
-0.76253739540551990216954436618834733963012695312500
0.68970945601866762153520085121272131800651550292969
-0.44489967695215382192941433459054678678512573242188
0.61190211668753724527647364084259606897830963134766
0.91387266746139617090705087321111932396888732910156
0.39123950779482175033052726575988344848155975341797
-0.42455657836232696400458053176407702267169952392578
0.20530791967761899408095871422119671478867530822754
0.86095970633813256878141828565276227891445159912109
-0.39123950779482175033052726575988344848155975341797
-0.63938957418206654459424953529378399252891540527344
0.01239047892546535356572690034226980060338973999023
0.65869464853058168340993461242760531604290008544922
-0.46830761226536016250676652816764544695615768432617
0.49267379512089931603568970786000136286020278930664
-0.44704473328118549124710057185438927263021469116211
0.72124791729521287031445808679563924670219421386719
0.99997796168035069097612677069264464080333709716797
0.44704473328118549124710057185438927263021469116211
0.80989227102614402831193274323595687747001647949219
0.88220260161867647408229231587029062211513519287109
-0.51339403327643717833694836372160352766513824462891
0.38792240582375947521853731814189814031124114990234
-0.19535657468780970313915190672560129314661026000977
-0.97906844072125376321480416663689538836479187011719
-0.13332030431628880129402148213557666167616844177246
-0.83596000203093923097696915647247806191444396972656
0.32909530127240038677172151437844149768352508544922
0.93325640908035367715456231962889432907104492187500
-0.86095970633813256878141828565276227891445159912109
-0.64656045523652105888601226979517377912998199462891
-0.96993444327487254863484622546820901334285736083984
-0.00166088700612192371151853986788182737655006349087
-0.47623663786520004093105740139435511082410812377930
0.46296357137521149116565766234998591244220733642578
0.71455778869405739417430822868482209742069244384766
0.99644145281063878361038632647250778973102569580078
0.85791285061878164164284044090891256928443908691406
0.87256728905601754764376210005139000713825225830078
-0.24141286261764163811882610843895236030220985412598
-0.99644145281063878361038632647250778973102569580078
-0.68760194668490148828254859836306422948837280273438
0.00286124159602402488439265582087500661145895719528
0.85237861617367616240414918138412758708000183105469
-0.67108734638077172096615186092094518244266510009766
0.08366935539766361118463322554816841147840023040771
-0.93325640908035367715456231962889432907104492187500
-0.53929518056988334784307426161831244826316833496094
0.43042273571622752248444498945900704711675643920898
0.91088701590610643421541681163944303989410400390625
0.86105696435167922153652853012317791581153869628906
0.83627581307777254515656295552616938948631286621094
-0.61104705704214479222713407580158673226833343505859
0.80200190572958507395640026516048237681388854980469
-0.85237861617367616240414918138412758708000183105469
-0.47357072711807507436887476615083869546651840209961
0.49058807876721288732113634978304617106914520263672
0.95891589418322231708202707523014396429061889648438
0.78837211285627828427635677144280634820461273193359
0.90650751507886762059484908604645170271396636962891
-0.47265304127114676768783851912303362041711807250977
-0.95891589418322231708202707523014396429061889648438
0.67344595478125646170752816033200360834598541259766
-0.45664088879664271880542969483940396457910537719727
