-0.80783493965335928521653841016814112663269042968750
-1.78229816162510368293681040086084976792335510253906
-1.11506918089825335371756409585941582918167114257812
-1.20469303450645770503513176663545891642570495605469
-0.95686137883111543889214090086170472204685211181641
-0.90747296378151043327875413524452596902847290039062
-1.91563149495843587644117178570013493299484252929688
-0.89019471216444934213996020844206213951110839843750
-0.79055668803629819407774448336567729711532592773438
-0.70036197587184989554742742257076315581798553466797
-1.57681208718343790486926536686951294541358947753906
-1.26551300064407312717662534851115196943283081054688
-1.16762676580332724896038598672021180391311645507812
-0.89273101050138392587030011782189831137657165527344
-0.98935870121897184770176636448013596236705780029297
-0.98067997786202398824428883017390035092830657958984
-1.06932418883817503818534078163793310523033142089844
-1.39451392555833630915174126130295917391777038574219
-0.59665440132428970709810300832032226026058197021484
-0.58056203349364965404788563319016247987747192382812
-0.74886587956848837954737518884940072894096374511719
-0.64882859345412069451697334443451836705207824707031
-0.79625965554665045775806220262893475592136383056641
-0.95061158495039488336431077186716720461845397949219
-0.89836733680040581351278206057031638920307159423828
-0.94775575185001093014847128870314918458461761474609
-1.83260837752561411839735683315666392445564270019531
-1.62712230308394834032981179916532710194587707519531
-1.53663709310590923529105111811077222228050231933594
-1.37595073081360208533396871644072234630584716796875
-1.33321162876926613272132726706331595778465270996094
-1.07046054056304762447382472601020708680152893066406
-1.15556869741037915311210326763102784752845764160156
-1.29002545692194581228307015408063307404518127441406
-1.37804453467262844057472648273687809705734252929688
-1.06476149773337769310899147967575117945671081542969
-1.13522203829642531758281620568595826625823974609375
-1.91697688256717801991158012242522090673446655273438
-0.49629242545244112161384464343427680432796478271484
-0.39493252685486207598231089832552243024110794067383
-0.29864010140242214230710260380874387919902801513672
-0.69148831259132381710230674798367545008659362792969
-0.78421932309270681038526618067407980561256408691406
-0.49345342162677785502467031619744375348091125488281
-0.58494173421810036206380800649640150368213653564453
-1.19584724978745748913411262037698179483413696289062
-1.17722247126499102165553267695941030979156494140625
-1.04069648901637545890253022662363946437835693359375
-0.76743715488577368688538626884110271930694580078125
-0.90920576599857483302002947311848402023315429687500
-0.86727011893750272086833774665137752890586853027344
-1.00133332422912380010870947444345802068710327148438
-0.39076457188065061298942737266770564019680023193359
-0.47603210264758971659304620516195427626371383666992
-0.47949221957175813813023523834999650716781616210938
-0.58155249329221381238141930225538089871406555175781
-0.73835709756869738473739062101230956614017486572266
-0.62368722142862842439114956505363807082176208496094
-0.89441290128037742590549896704033017158508300781250
-0.78712192825281934727144061980652622878551483154297
-0.94665714943036649575702767833718098700046539306641
-1.06069114555152710366314749990124255418777465820312
-1.12545264328490479677213897957699373364448547363281
-1.04981305176837080850305028434377163648605346679688
-1.11050419731989791216619778424501419067382812500000
-1.80283184296444431993222679011523723602294921875000
-1.62797812794484131337924281979212537407875061035156
-1.51212467155589647127555963379563763737678527832031
-1.27365886758243496146292272896971553564071655273438
-1.49208188252817586239018510241294279694557189941406
-1.34335412936062392752489813574356958270072937011719
-1.24139391745815341749903382151387631893157958984375
-1.31913960119263595771599284489639103412628173828125
-1.88585496039726630002064666769001632928848266601562
-0.29349737915422541290055846729956101626157760620117
-0.19866996328784691794311356716207228600978851318359
-0.19769519601386165152945295631070621311664581298828
-0.10002986188542581369453898787469370290637016296387
-0.29455641456396491895119993387197609990835189819336
-0.38800983619074153052608266989409457892179489135742
-0.09606191335537844766534476548258680850267410278320
-0.19061832791934230080244105920428410172462463378906
-0.40413229468254491250078785924415569752454757690430
-0.53439752604323698115251772833289578557014465332031
-0.62416193620952742371343902050284668803215026855469
-0.81238573024998583793632178640109486877918243408203
-0.79560356204305238136953448702115565538406372070312
-0.61039269630573400604589551221579313278198242187500
-0.61105240602086441370488500979263335466384887695312
0.00090674706526160109287815203060745261609554290771
-0.29163419783363186965630120539572089910507202148438
-0.39236150748422549128235914395190775394439697265625
-0.38777527768077224568088468004134483635425567626953
-0.56569894110064566916662442963570356369018554687500
-0.46423572935053947219330439111217856407165527343750
-0.73227753939291984064396956455311737954616546630859
-0.62552442838081501186309196782531216740608215332031
-0.89290315172450762659650536079425364732742309570312
-0.78581451471461916113980805675964802503585815429688
-0.94624600229414101981717521994141861796379089355469
-1.06920438017253816020968315569916740059852600097656
-1.11901743194090919075733836507424712181091308593750
-1.23766828669409889585040218662470579147338867187500
-1.24618152131510995239693784242263063788414001464844
-1.30379650909897648602964181918650865554809570312500
-1.76769510167726284777245382429100573062896728515625
-1.57279859762993901028949039755389094352722167968750
-1.45827883816077941148137142590712755918502807617188
-1.46955157807258807167727354681119322776794433593750
-1.13213979817735577171333716250956058502197265625000
-1.88184014127999654775180715660098940134048461914062
-0.19726243088496628330652526983612915500998497009277
-0.10046728449494432555688661068415967747569084167480
-0.10189770068664252833379180174233624711632728576660
-0.00067034896572486929455791937471076380461454391479
-0.00208253884922859639622361171973352611530572175980
0.09696866042063917445759102520241867750883102416992
0.09935951291970007703824308009643573313951492309570
-0.02746061337111231973051594934531749458983540534973
-0.15231902168904951078154397237085504457354545593262
-0.27237956682547548314943242075969465076923370361328
-0.42177386843112163461455565993674099445343017578125
-0.43789632692292473903350469299766700714826583862305
-0.25521128133843612451059357226768042892217636108398
0.06432100174355165345119189623801503330469131469727
-0.21072146241025935253787793044466525316238403320312
0.20732600848598128906452586761588463559746742248535
0.20304571024526768541207388807379174977540969848633
-0.20113673667361831043365327786887064576148986816406
-0.29092227381883062342637913388898596167564392089844
-0.41950657363948679057230606304074171930551528930664
-0.31583540706922558216618313053913880139589309692383
-0.57287035344879111420368644758127629756927490234375
-0.46831571045756892335276688754674978554248809814453
-0.73142110742945232182421477773459628224372863769531
-0.62523005717572910366897076528402976691722869873047
-0.89215663632390929116411371069261804223060607910156
-0.78442037846910905862785057252040132880210876464844
-1.06293541800481738945904908177908509969711303710938
-0.94591063402976827134693849075119942426681518554688
-1.27165773389157399364535194763448089361190795898438
-1.33588640526095736582590234320377930998802185058594
-1.78831417157283478758245109929703176021575927734375
-1.58214492761370228990358555165585130453109741210938
-1.50648938871459092680993308022152632474899291992188
-1.12653192889316655644904585642507299780845642089844
-1.24771576756332747137889782607089728116989135742188
-1.32363719238919674836552076158113777637481689453125
-1.90647403029283846187524886772735044360160827636719
-0.10858794783049352528081499258405528962612152099609
-0.00721312876671810487838598646703758276998996734619
-0.01002907012191707122883421732240094570443034172058
0.09564906954178352405104845956884673796594142913818
0.09194889581599222094787648984492989256978034973145
0.19925681497903344197020203409920213744044303894043
0.19695856148462062562565222378907492384314537048340
0.31035734806534137630862346668436657637357711791992
0.29989730205933262663364757827366702258586883544922
-0.01933319117525785640898661199571506585925817489624
-0.04770055161163147539049589340720558539032936096191
0.09207394589124612283015380853612441569566726684570
0.29647798040673395414401625203026924282312393188477
0.24417557024305963642163419535791035741567611694336
0.19138827123499976834430924554908415302634239196777
0.41902225922596314511281434533884748816490173339844
0.47370894274808111878982685993833001703023910522461
0.42211162883623221109274936679867096245288848876953
-0.25715130173417499737098523837630636990070343017578
-0.09917552664924698946347092487485497258603572845459
-0.16084243863116243211663913825759664177894592285156
-0.00980171949521472032906821425513044232502579689026
-0.41412586987201249755230492155533283948898315429688
-0.30663262771887977997664620488649234175682067871094
-0.25248214126563778281209238230076152831315994262695
-0.56913614524379052550528967913123778998851776123047
-0.46258660093129599921724093292141333222389221191406
-0.72995757254418669468520874943351373076438903808594
-0.62086438957259137971789186849491670727729797363281
-0.89171877445753722213339642621576786041259765625000
-0.78350197082675610005253474810160696506500244140625
-1.06359651088834916698999677464598789811134338378906
-0.94580814042776895078645793546456843614578247070312
-1.12250881774682098601658708503236994147300720214844
-1.78995645509252820914980475208722054958343505859375
-1.59614105747341317176335451222257688641548156738281
-1.47751753251740214345488766412017866969108581542969
-1.26105631954346564249647144606569781899452209472656
-1.47654709859982835595815231499727815389633178710938
-1.32332785135515473839973310532514005899429321289062
-1.88348242479968952522995095932856202125549316406250
0.08609999615997480926221641084339353255927562713623
0.07691492560543061740574444229423534125089645385742
0.14280420892476222705091970510693499818444252014160
0.18738270156991909676236218729172833263874053955078
0.18434974326910064101880948328471276909112930297852
0.29628394743857988657964597223326563835144042968750
0.29040826124966973020846694453211966902017593383789
0.39871095747154100541465027163212653249502182006836
0.39739585634520113721634970715967938303947448730469
0.50866491116062118038598782732151448726654052734375
0.49881365541220784587395087328332010656595230102539
0.38501728419292591265588043825118802487850189208984
0.37541821477503234394390574379940517246723175048828
0.50538329372881596324162956079817377030849456787109
0.59362901295792469547052405687281861901283264160156
0.62027876870960318989034476544475182890892028808594
0.60829878556505445619251304378849454224109649658203
0.68763858056965965204199164872989058494567871093750
0.63632040264527001127703442762140184640884399414062
-0.13854909139141141638518206491426099091768264770508
-0.01068806954832399527810515849068906391039490699768
-0.09639071474164088992875321082465234212577342987061
0.12509667055184142681056869150779675692319869995117
0.05832103717940055609414429227399523369967937469482
0.18400635145968829986529158304620068520307540893555
-0.39564542099845567690863390453159809112548828125000
-0.29303420348593012256799283932195976376533508300781
-0.21336074717764902386463177208497654646635055541992
-0.11202812302855046089344881465876824222505092620850
-0.02981827932062656311140713683016656432300806045532
-0.56657549328130962784655366704100742936134338378906
-0.44790606901966839581419321802968624979257583618164
-0.72951536975739195156620553461834788322448730468750
-0.62168207518354079432754133449634537100791931152344
-0.39935347667486670308889529223961289972066879272461
-0.89182614053391084940614064180408604443073272705078
-0.78375017349431486124444745655637234449386596679688
-0.73377124085740619285900265822419896721839904785156
-1.31385705580309597451105219079181551933288574218750
-1.05891230685847181902659031038638204336166381835938
-0.94601800010614178759738024382386356592178344726562
-1.10919558295176567952466939459554851055145263671875
-1.22559283009974517852924691396765410900115966796875
-1.77093813504984765039296235045185312628746032714844
-1.57615230351315904755438168649561703205108642578125
-1.47573379252811598405514814658090472221374511718750
-1.48385694283833835527275368804112076759338378906250
-1.88745571025015812516301139112329110503196716308594
0.27526860247350914967512380826519802212715148925781
0.29193341006022521799678770548780448734760284423828
0.23368303040920274105118892293830867856740951538086
0.25106485841831283067904223571531474590301513671875
0.39236463364463403102888605644693598151206970214844
0.38025793316929185072794439292920287698507308959961
0.59732028939626047314703782831202261149883270263672
0.59584924705722830395870914799161255359649658203125
0.49602751194683580848732162849046289920806884765625
0.49687197543517891418218823673669248819351196289062
0.71161385754898165423298905807314440608024597167969
0.69850663398405221649056784372078254818916320800781
0.78609616055675490819965034461347386240959167480469
0.82028735658202100999858430441236123442649841308594
0.99684330210220684076460884170955978333950042724609
0.79047231506013260204923653873265720903873443603516
0.77847702122535966662297823859262280166149139404297
0.87488789985115988923070062810438685119152069091797
0.90611521820323959186538331778137944638729095458984
0.82088577365001391683563269907608628273010253906250
0.18265187880905944806109175715391756966710090637207
0.06986247496713070270768497493918403051793575286865
0.09882011463670187234598074610403273254632949829102
0.30687563268204864908028639547410421073436737060547
0.25649588865490952072079267054505180567502975463867
-0.29438462700171613706245921093795914202928543090820
-0.21216050981276909914718942218314623460173606872559
-0.11152723265456250534288784592718002386391162872314
-0.03051762631151850452271290237149514723569154739380
0.06914838859353249211903147397606517188251018524170
0.13526889630623648019813742848782567307353019714355
-0.62177154739022721940955307218246161937713623046875
-0.56391718545328495260093859542394056916236877441406
-0.46025801120625209339465300217852927744388580322266
-0.38727256921240971188069579511648043990135192871094
-0.28626025875421434729872771640657447278499603271484
-0.88588618953360742658276194561040028929710388183594
-0.78171539732446770898377508274279534816741943359375
-0.70303419611257400578807619240251369774341583251953
-0.59718431332407129197292761091375723481178283691406
-1.23220539683564700439433181600179523229598999023438
-1.32859277284922061568295248434878885746002197265625
-1.05028327609329386049807908420916646718978881835938
-1.11580814968766750538975429662968963384628295898438
-0.93986818942746563898538170178653672337532043457031
-0.89419987395971789467807866458315402269363403320312
-1.33082974760214689524673303822055459022521972656250
-1.25332302424020625153389119077473878860473632812500
-1.76316908282719975176178195397369563579559326171875
-1.57650640160073396423001668154029175639152526855469
-1.47435157991814835831689833867130801081657409667969
-1.87571337257704162659877056285040453076362609863281
0.45503396615794255986031657812418416142463684082031
0.39939560404786361713647124815906863659620285034180
0.44848065925295699241104330212692730128765106201172
0.39715493673824786569070965924765914678573608398438
0.59311967706291979229860089617432095110416412353516
0.61844793234766970435600796918151900172233581542969
0.55897964737200911411463266631471924483776092529297
0.79220382610288231362005717528518289327621459960938
0.70314325719114756374494845658773556351661682128906
0.69956922370849594638997359652421437203884124755859
0.90867349903303906710760884379851631820201873779297
0.88758952657270251407339856086764484643936157226562
0.95425619323936916593709156586555764079093933105469
0.89369719211882991949380539153935387730598449707031
1.01389567571275307500400231219828128814697265625000
1.00182955231522496930551824334543198347091674804688
1.40213016706112902909353579161688685417175292968750
1.19897346916333669142318285594228655099868774414062
1.21616817993068115910659798828419297933578491210938
1.06863855613869018768014029774349182844161987304688
1.11035076404952981476981221931055188179016113281250
1.58027323055494295367395807261345908045768737792969
1.77814306349381312521984455088386312127113342285156
0.29432903544860467004440351956873200833797454833984
0.23714904915153373066161179849586915224790573120117
0.45691346404080379617340668119140900671482086181641
0.40446730677829978439774549769936129450798034667969
0.29751565716177480469539773366705048829317092895508
-0.19985363525831820186162701702414778992533683776855
-0.10734472634761346720999597437185002490878105163574
-0.01290973884217990266809472643672052072361111640930
0.08257376975592206624909863421635236591100692749023
0.17878755922724187676919882505899295210838317871094
0.27136518867614994876547029889479745179414749145508
-0.50235693177535722941939866359462030231952667236328
-0.40000953674118466807385630090720951557159423828125
-0.30052601272897622175506171515735331922769546508789
-0.20138242170430520339152735687093809247016906738281
-0.79265677386018129624289940693415701389312744140625
-0.70566188822217701392958133510546758770942687988281
-0.60111940688244169805898309277836233377456665039062
-0.50366433322412462736394900275627151131629943847656
-1.06552487359437364489167521242052316665649414062500
-1.13468880233930025092092819249955937266349792480469
-0.95433168453225236671499942531227134168148040771484
-0.88766501786558560382900395779870450496673583984375
-0.78612191776604889437152223763405345380306243896484
-1.10648151307741171578413741372060030698776245117188
-1.21330250408631323821850855892989784479141235351562
-1.43450191882018263100917465635575354099273681640625
-1.29461914165473435112119204859482124447822570800781
-1.87041203277245804414974372775759547948837280273438
-1.74612540534949967074851429060800001025199890136719
-1.51961306302506793386442041082773357629776000976562
-1.77647904930031863557360338745638728141784667968750
-1.90606701652786081346846458473009988665580749511719
0.61591856310647496997034977539442479610443115234375
0.56105793709750173547945450991392135620117187500000
0.61623112102662125355578837115899659693241119384766
0.56341237048463232994777172280009835958480834960938
0.77943979928766193854272614771616645157337188720703
0.73052268002058562412770470473333261907100677490234
0.78061304714482604438785529055166989564895629882812
0.72547721520637609149417812659521587193012237548828
0.93944099887946064253441136315814219415187835693359
0.88450719878626105074914676151820458471775054931641
1.04693278444175530417226127610774710774421691894531
1.11277133187576771078397541714366525411605834960938
1.10439405744705942957750721689080819487571716308594
1.05679675804078287981724315613973885774612426757812
1.10372954248253840603410935727879405021667480468750
1.22618379886538853007493798941140994429588317871094
1.24420662886538679892112213565269485116004943847656
1.59886648878980652810355422843713313341140747070312
1.43791813606333729325115200481377542018890380859375
1.42424437708720352802060915564652532339096069335938
1.91147639682714665099183548591099679470062255859375
1.79673632172867692169404563173884525895118713378906
0.45796032321699231548706165995099581778049468994141
0.40818865989753827516750561699154786765575408935547
0.61917384607802350426908333247411064803600311279297
0.56616795607288750158403445311705581843852996826172
0.45546475181580176050388786279654596000909805297852
0.37489977022136045103906099029700271785259246826172
-0.10584970365600482322676612056966405361890792846680
-0.00988592970458426756330538864858681336045265197754
0.08698310153693294966004145862825680524110794067383
0.18017308187065714242258707145083462819457054138184
0.27838923595198805660544394413591362535953521728516
0.38053829485378326547007077351736370474100112915039
-0.40454289946433902303013496748462785035371780395508
-0.30375197400336323427794127383094746619462966918945
-0.20443732725580898712536281891516409814357757568359
-0.10567864793312159443772202394029591232538223266602
-0.69845689990046300188453187729464843869209289550781
-0.60044927465485997686300834175199270248413085937500
-0.50199237475439661970710858440725132822990417480469
-0.40354107322219268105811806890415027737617492675781
-0.91334517708984208628208989466656930744647979736328
-1.01732942808899373687836487079039216041564941406250
-0.71878422719137580187975800072308629751205444335938
-0.83212940428121817681983429793035611510276794433594
-1.04792058624108141984265785140451043844223022460938
-1.17472973349347453719815348449628800153732299804688
-1.37088703058012928437392474734224379062652587890625
-1.19773282262642566387000897520920261740684509277344
-1.56791995177450615983616444282233715057373046875000
-1.38884027537874832347597475745715200901031494140625
-1.77273368319452728769647364970296621322631835937500
-1.56417458566871481195903470506891608238220214843750
0.77986481855206080116005296076764352619647979736328
0.72547935038127919771255847081192769110202789306641
0.78103435583081093351864865326206199824810028076172
0.72754760206954416368319016328314319252967834472656
0.94506619990680040821473539836006239056587219238281
0.89008916753244182729076783289201557636260986328125
0.94502296762564119703142750950064510107040405273438
0.88993445058371034583899472636403515934944152832031
1.05780559896536363595487273414619266986846923828125
1.11460235700614651577211589028593152761459350585938
1.22206211666738906451712409761967137455940246582031
1.23110390606061859131159508251585066318511962890625
1.30596086303719238763676457892870530486106872558594
1.22265952508884589988724655995611101388931274414062
1.28318650030833292241538856615079566836357116699219
1.56264756316752007059278639644617214798927307128906
1.46238687911750719905512596596963703632354736328125
1.88525992490153027070221014582784846425056457519531
1.77419115508252422941382064891513437032699584960938
0.62093322976937226354010590512189082801342010498047
0.56000168883174061829066658901865594089031219482422
0.78285749492977174668340012431144714355468750000000
0.72924901263473596024766720802290365099906921386719
0.61821554085452568028102859898353926837444305419922
0.47203854401350542335791260484256781637668609619141
0.57490552674668371491151219743187539279460906982422
-0.00658020915020591286997975188910459110047668218613
0.09011776636842808163585516467719571664929389953613
0.18972460743224914270221859169396338984370231628418
0.28480609668208489715368614270118996500968933105469
0.38480865214619830450004656086093746125698089599609
0.46989204057582362183964619362086523324251174926758
-0.30154869846779552844395766442175954580307006835938
-0.20323587796238762326339610808645375072956085205078
-0.10168717949459137039891487575005157850682735443115
-0.00379019000509704315216019665513158543035387992859
-0.52568450292353419150970239570597186684608459472656
-0.64446873011491034866082827647915109992027282714844
-0.31164774548567886203187526916735805571079254150391
-0.43733224840921358644862948494846932590007781982422
-0.84303403901542195431062509669573046267032623291016
-0.72204003151578088903761454275809228420257568359375
-0.95484096997613365775947613656171597540378570556641
-1.03514979968506093399582823622040450572967529296875
-1.18556493595042833355535094597144052386283874511719
-1.00502866821044478662372512189904227852821350097656
-1.39144090247418694694658825028454884886741638183594
-1.19191092915165874899230402661487460136413574218750
0.94491148295806914880756721686339005827903747558594
0.89039685637595133993471563371713273227214813232422
0.94548537341788219112714841685374267399311065673828
0.89143276573296947873359385994262993335723876953125
1.06509607460502442322081151360180228948593139648438
1.12290167357038805917568424774799495935440063476562
1.04154461150390398316289974900428205728530883789062
1.10664068610892840638371126260608434677124023437500
1.25677908210141087153033367940224707126617431640625
1.29974017557908538833544298540800809860229492187500
1.54880227828043248727851732837734743952751159667969
1.43459488284880420927436261990806087851524353027344
1.45013971719497591905678746115881949663162231445312
1.88893123018099395871161050308728590607643127441406
1.76380303742891486606936268799472600221633911132812
0.78506436473391294494916792245930992066860198974609
0.73496243389133408818736370449187234044075012207031
0.94594739231508739862874790560454130172729492187500
0.89318747361106654025775242189411073923110961914062
0.79285628563392052114977559540420770645141601562500
0.57402543889435708734936270047910511493682861328125
0.74272808139580503983268044976284727454185485839844
0.64152421554537686354535708233015611767768859863281
0.09789698948949519807793961945208138786256313323975
0.19471381140820739896746260910731507465243339538574
0.29681682191871328058141443761996924877166748046875
0.39183017340686837615137960710853803902864456176758
0.49501335148815633901975274966389406472444534301758
0.59212522854601967736698497901670634746551513671875
-0.10397301368470518445619177327898796647787094116211
-0.21562075917038481254195403380435891449451446533203
0.09721786243063082477711134288256289437413215637207
-0.00675515125407523051026537075358646688982844352722
-0.46963088164957150771883220841118600219488143920898
-0.63555443756476259764554015418980270624160766601562
-0.22435090109559113757953241474751848727464675903320
-0.35267652065124310833965637357323430478572845458984
-0.81819527746934461731598275946453213691711425781250
-0.65002388403223076984716044535161927342414855957031
-1.00047002667747086945837509119883179664611816406250
-0.80729064273514050675828457315219566226005554199219
1.05511047851839223632453013124177232384681701660156
1.09665509002229621948742988024605438113212585449219
1.04203619562710692036944237770512700080871582031250
1.09714667414549893464936758391559123992919921875000
1.22305131025248225995483153383247554302215576171875
1.23303690633911444685111291619250550866127014160156
1.32536970336623305399825767381116747856140136718750
1.56709074395093184151050991204101592302322387695312
1.48528182359986371530169435573043301701545715332031
1.87487180724792068531314725987613201141357421875000
1.76654666875324251051893043040763586759567260742188
0.94724008129597914162900451628956943750381469726562
0.89701082416141186826052944525144994258880615234375
1.05755044055735658581340885575627908110618591308594
1.09958663618446350618285123346140608191490173339844
0.94977074286543261560922246644622646272182464599609
0.90595527761513450215602460957597941160202026367188
0.80306715467299838451253890525549650192260742187500
0.69711187705786481494385498081101104617118835449219
0.78662974514089967215113574638962745666503906250000
0.30175026930690096449438897252548485994338989257812
0.19896813173753072345739667525776894763112068176270
0.50031391819056914016528025968000292778015136718750
0.40206418749746886120988165203016251325607299804688
0.69056333285638338281842152355238795280456542968750
0.59087725104695110189823026303201913833618164062500
-0.00743320838205515851959681583593919640406966209412
-0.11338121273789143750310159930450026877224445343018
0.19890108522386890088640143403608817607164382934570
0.09647275878898908807457246439298614859580993652344
-0.44131672250007758506740174198057502508163452148438
-0.14493900558856959159825805727450642734766006469727
-0.30989291503428095797545438472297973930835723876953
-0.60682061605766857148580584180308505892753601074219
-0.40901808925971944175259409348655026406049728393555
1.22027247993362020217489316564751788973808288574219
1.21783251789465563064140951610170304775238037109375
1.30219254249773497278397371701430529356002807617188
1.29053691162633077382793089782353490591049194335938
1.57713283128965131574261704372474923729896545410156
1.47281048020015292721041078038979321718215942382812
1.89167486150532182520578317053150385618209838867188
1.78406994439279875663828534015920013189315795898438
1.07027997664805907263030348985921591520309448242188
1.12783041720541565844371234561549499630928039550781
1.24013104452523315046619245549663901329040527343750
1.12044552139699060688826648402027785778045654296875
1.05016554474893153425796299416106194257736206054688
0.95618453474970199756910460564540699124336242675781
0.88951786808303578979462145071011036634445190429688
0.88024099096088459504017009749077260494232177734375
0.77080432381726682322664601088035851716995239257812
0.40356144443647201658365020193741656839847564697266
0.30318047973224226954158666558214463293552398681641
0.60080862664435175091171004169154912233352661132812
0.71406903274800093139873524705762974917888641357422
0.51174255072697294455252858824678696691989898681641
-0.00166687734524870829685982975831848307279869914055
0.26930553007679025601106559406616725027561187744141
0.13379688267647368848933808749279705807566642761230
-0.20219747320204950469246796274092048406600952148438
-0.00098882021726848234877138565934728831052780151367
1.32597451612069017201633869262877851724624633789062
1.56202783181016346958358553820289671421051025390625
1.44860004290917077085509845346678048372268676757812
1.47130811131282746018200668913777917623519897460938
1.89239508288747693143250216962769627571105957031250
1.77467532139434003291000863100634887814521789550781
1.23692581962009739982022438198328018188476562500000
1.33015418702397947292581648071063682436943054199219
1.11340208032346055233574588783085346221923828125000
1.22988237854656734526770378579385578632354736328125
0.95664444944068960374750076880445703864097595214844
1.07297332738766781901063041004817932844161987304688
0.94783939965013908057755998015636578202247619628906
0.87597839733659643712826436967588961124420166015625
0.76138148939121497171811370208160951733589172363281
0.41246484016543388806397274493065197020769119262695
0.55452089611138688507452343401382677257061004638672
0.69089942867197973175308334248256869614124298095703
0.20120865298478274318938474607421085238456726074219
0.41096758322643101024596035131253302097320556640625
1.57643894151253016744362867029849439859390258789062
1.47730566789544037753501015686197206377983093261719
1.88228023850686310147750646137865260243415832519531
1.76637836269304981939853860239963978528976440429688
1.31910001152618638897706659918185323476791381835938
1.47329493347117757018338579655392095446586608886719
1.06391906625228327420984442142071202397346496582031
1.13596065161736303750217302876990288496017456054688
1.26560703753277459249204639490926638245582580566406
0.81276857428517779169396817451342940330505371093750
1.05264946231641021157088289328385144472122192382812
0.92753792758631159465210203052265569567680358886719
0.60975893024165039868478288553887978196144104003906
0.80822611811891553745823557619587518274784088134766
1.59729721127337764841058742604218423366546630859375
1.88409812418618671792103214102098718285560607910156
1.79124736687816032976172664348268881440162658691406
1.19629442173348365940910298377275466918945312500000
1.51470566338038015175015971180982887744903564453125
1.33721041158476827703793787804897874593734741210938
0.99846718787726762567302785100764594972133636474609
1.19997376417045620300427799520548433065414428710938
1.62337294401537590715633996296674013137817382812500
1.90714924269197361184069450246170163154602050781250
1.82186636772218646385113061114680022001266479492188
1.40150657629319130847989072208292782306671142578125
1.58289036799006987976667915063444525003433227539062
1.91471712503021262996583118365379050374031066894531
1.78138379169688043646146979881450533866882324218750
