-528	0.58242
-526	0.6083
-524	0.61668
-522	0.59733
-520	0.60326
-518	0.6012
-516	0.60804
-514	0.6143
-512	0.60846
-510	0.61843
-508	0.6318
-506	0.64734
-504	0.60708
-502	0.59759
-500	0.61849
-498	0.63933
-496	0.64718
-494	0.62931
-492	0.61684
-490	0.62729
-488	0.63158
-486	0.60708
-484	0.58963
-482	0.61334
-480	0.62601
-478	0.62591
-476	0.61238
-474	0.59191
-472	0.58688
-470	0.58948
-468	0.59722
-466	0.61223
-464	0.61727
-462	0.61902
-460	0.60602
-458	0.61785
-456	0.60422
-454	0.6353
-452	0.65137
-450	0.65142
-448	0.59775
-446	0.58794
-444	0.6057
-442	0.60597
-440	0.60411
-438	0.60093
-436	0.61382
-434	0.60125
-432	0.597
-430	0.61159
-428	0.6503
-426	0.66436
-424	0.64654
-422	0.61981
-420	0.58004
-418	0.57404
-416	0.58613
-414	0.62808
-412	0.61827
-410	0.59828
-408	0.57367
-406	0.5987
-404	0.62072
-402	0.61292
-400	0.60523
-398	0.62029
-396	0.62087
-394	0.60687
-392	0.58173
-390	0.60226
-388	0.61175
-386	0.61376
-384	0.60109
-382	0.59441
-380	0.6257
-378	0.63095
-376	0.6328
-374	0.58438
-372	0.61901
-370	0.64749
-368	0.67131
-366	0.61032
-364	0.59207
-362	0.60401
-360	0.63106
-358	0.60952
-356	0.57611
-354	0.57971
-352	0.62188
-350	0.63265
-348	0.61641
-346	0.58863
-344	0.6029
-342	0.63721
-340	0.65269
-338	0.6223
-336	0.58433
-334	0.59473
-332	0.62331
-330	0.62559
-328	0.59149
-326	0.58603
-324	0.57494
-322	0.59987
-320	0.60417
-318	0.61446
-316	0.58576
-314	0.59621
-312	0.58523
-310	0.60029
-308	0.61053
-306	0.6231
-304	0.61822
-302	0.6363
-300	0.59663
-298	0.57235
-296	0.5847
-294	0.61095
-292	0.60893
-290	0.60506
-288	0.61419
-286	0.62326
-284	0.61048
-282	0.59303
-280	0.61652
-278	0.64315
-276	0.60825
-274	0.57039
-272	0.58417
-270	0.6012
-268	0.62432
-266	0.61599
-264	0.62268
-262	0.59961
-260	0.61313
-258	0.62511
-256	0.63508
-254	0.61127
-252	0.61716
-250	0.62639
-248	0.62856
-246	0.62071
-244	0.63513
-242	0.62803
-240	0.61482
-238	0.60639
-236	0.58677
-234	0.61668
-232	0.61504
-230	0.62145
-228	0.58985
-226	0.58417
-224	0.57096
-222	0.57871
-220	0.57399
-218	0.58412
-216	0.58899
-214	0.61063
-212	0.60963
-210	0.62724
-208	0.63874
-206	0.6345
-204	0.61413
-202	0.61525
-200	0.62898
-198	0.6188
-196	0.61758
-194	0.59913
-192	0.59112
-190	0.61435
-188	0.62559
-186	0.59112
-184	0.57129
-182	0.59165
-180	0.62665
-178	0.64834
-176	0.6397
-174	0.62178
-172	0.59924
-170	0.58523
-168	0.57775
-166	0.6188
-164	0.61546
-162	0.58465
-160	0.56063
-158	0.59181
-156	0.61679
-154	0.59828
-152	0.59992
-150	0.60639
-148	0.60623
-146	0.58374
-144	0.59
-142	0.59191
-140	0.60973
-138	0.61981
-136	0.61217
-134	0.59939
-132	0.59849
-130	0.61138
-128	0.63848
-126	0.63052
-124	0.6171
-122	0.61917
-120	0.64898
-118	0.63774
-116	0.65163
-114	0.63646
-112	0.5987
-110	0.58687
-108	0.59398
-106	0.60936
-104	0.6249
-102	0.63439
-100	0.60868
-98	0.61493
-96	0.61864
-94	0.58831
-92	0.56232
-90	0.57797
-88	0.60915
-86	0.61111
-84	0.61361
-82	0.63429
-80	0.63307
-78	0.60151
-76	0.58507
-74	0.61482
-72	0.61673
-70	0.60645
-68	0.59271
-66	0.63444
-64	0.62919
-62	0.6372
-60	0.58189
-58	0.59801
-56	0.57754
-54	0.60029
-52	0.59218
-50	0.6056
-48	0.61138
-46	0.62294
-44	0.62437
-42	0.5978
-40	0.60745
-38	0.63466
-36	0.63736
-34	0.59228
-32	0.61806
-30	0.64988
-28	0.65248
-26	0.59934
-24	0.58231
-22	0.5734
-20	0.58337
-18	0.60692
-16	0.61689
-14	0.6197
-12	0.60172
-10	0.59106
-8	0.58099
-6	0.59048
-4	0.59849
-2	0.61239
0	0.64961
2	0.64092
4	0.61393
6	0.59133
8	0.59669
10	0.59637
12	0.58592
14	0.60263
16	0.61403
18	0.63625
20	0.62326
22	0.64092
24	0.64278
26	0.67491
28	0.67555
30	0.67841
32	0.66436
34	0.68822
36	0.69644
38	0.6843
40	0.67178
42	0.69994
44	0.714
46	0.71002
48	0.69077
50	0.69051
52	0.69767
54	0.71023
56	0.71315
58	0.69565
60	0.70356
62	0.72355
64	0.74667
66	0.75982
68	0.77578
70	0.78559
72	0.7865
74	0.7752
76	0.75208
78	0.75452
80	0.77579
82	0.7796
84	0.77843
86	0.80739
88	0.83741
90	0.80585
92	0.80124
94	0.82033
96	0.86122
98	0.83704
100	0.82802
102	0.82299
104	0.8529
106	0.84992
108	0.84897
110	0.8285
112	0.86568
114	0.89638
116	0.92635
118	0.88509
120	0.92533
122	0.9355
124	0.9442
126	0.89267
128	0.91123
130	0.91988
132	0.93881
134	0.94677
136	0.96973
138	0.96188
140	0.94947
142	0.96729
144	1.00695
146	0.99835
148	0.99996
150	0.98156
152	0.97812
154	0.99135
156	1.03564
158	1.04537
160	1.03388
162	1.01662
164	1.02057
166	1.01955
168	1.04073
170	1.04038
172	1.06979
174	1.07896
176	1.0661
178	1.05902
180	1.09411
182	1.13733
184	1.1373
186	1.15049
188	1.13209
190	1.13785
192	1.14835
194	1.15927
196	1.17023
198	1.18154
200	1.15415
202	1.14519
204	1.18181
206	1.19384
208	1.1855
210	1.21451
212	1.23295
214	1.24072
216	1.26686
218	1.25899
220	1.24829
222	1.25603
224	1.27347
226	1.24565
228	1.24169
230	1.25284
232	1.25638
234	1.27555
236	1.28962
238	1.30239
240	1.32351
242	1.33931
244	1.34883
246	1.33977
248	1.36375
250	1.33168
252	1.36228
254	1.39243
256	1.42331
258	1.41413
260	1.40785
262	1.3903
264	1.37571
266	1.37119
268	1.41114
270	1.44478
272	1.45292
274	1.43967
276	1.43373
278	1.46505
280	1.47623
282	1.50643
284	1.49343
286	1.52462
288	1.53823
290	1.56841
292	1.54614
294	1.51712
296	1.51429
298	1.54291
300	1.54517
302	1.57583
304	1.59466
306	1.58028
308	1.57554
310	1.60815
312	1.59771
314	1.55248
316	1.58502
318	1.63219
320	1.66865
322	1.66874
324	1.69991
326	1.69646
328	1.68507
330	1.67694
332	1.72056
334	1.70206
336	1.71143
338	1.73372
340	1.7754
342	1.73227
344	1.71463
346	1.7263
348	1.74652
350	1.7814
352	1.79049
354	1.79752
356	1.80221
358	1.82291
360	1.82636
362	1.82009
364	1.82069
366	1.82502
368	1.85555
370	1.88075
372	1.85329
374	1.85285
376	1.86454
378	1.9255
380	1.9178
382	1.92596
384	1.92395
386	1.95842
388	1.96213
390	1.96424
392	1.95675
394	1.95694
396	1.98341
398	1.99623
400	1.99441
402	1.99113
404	2.03891
406	2.03891
408	2.05308
410	2.04312
412	2.07005
414	2.07551
416	2.1029
418	2.11067
420	2.10269
422	2.11357
424	2.12654
426	2.12995
428	2.13266
430	2.14773
432	2.13851
434	2.1602
436	2.17203
438	2.17674
440	2.16852
442	2.17943
444	2.18086
446	2.17852
448	2.21691
450	2.23877
452	2.27112
454	2.25597
456	2.24147
458	2.23539
460	2.26353
462	2.27765
464	2.29946
466	2.31191
468	2.33656
470	2.31769
472	2.32599
474	2.34939
476	2.34398
478	2.31952
480	2.3457
482	2.38015
484	2.38016
486	2.38019
488	2.40372
490	2.40086
492	2.39828
494	2.39594
496	2.43501
498	2.44343
500	2.42369
502	2.40553
504	2.43187
506	2.45564
508	2.48446
510	2.49215
512	2.49815
514	2.51495
516	2.55064
518	2.56697
520	2.57132
522	2.57205
524	2.54963
526	2.55087
528	2.56336
530	2.60276
532	2.58757
534	2.58527
536	2.58825
538	2.62352
540	2.61345
542	2.62167
544	2.62843
546	2.64979
548	2.65663
550	2.66916
552	2.69617
554	2.69521
556	2.68591
558	2.68679
560	2.73585
562	2.76071
564	2.75587
566	2.72746
568	2.72801
570	2.73025
572	2.72636
574	2.72423
576	2.76485
578	2.77594
580	2.77284
582	2.76507
584	2.7951
586	2.82399
588	2.83892
590	2.83073
592	2.82663
594	2.85064
596	2.86137
598	2.87915
600	2.87787
602	2.90421
604	2.9003
606	2.89981
608	2.90622
610	2.92357
612	2.8973
614	2.88461
616	2.90055
618	2.91815
620	2.91307
622	2.93637
624	2.93769
626	2.95659
628	2.96283
630	2.99921
632	3.00445
634	3.0296
636	3.05304
638	3.05497
640	2.98907
642	2.98107
644	3.02121
646	3.0367
648	3.00756
650	3.04085
652	3.07342
654	3.07725
656	3.09497
658	3.11524
660	3.11409
662	3.11372
664	3.11825
666	3.1233
668	3.11859
670	3.13601
672	3.12312
674	3.12079
676	3.10886
678	3.12396
680	3.14699
682	3.16871
684	3.18376
686	3.2093
688	3.22591
690	3.21173
692	3.22066
694	3.22955
696	3.21265
698	3.19562
700	3.21763
702	3.23786
704	3.25014
706	3.27189
708	3.27007
710	3.26593
712	3.24387
714	3.25939
716	3.2831
718	3.33518
720	3.33107
722	3.30075
724	3.26618
726	3.27157
728	3.31141
730	3.33248
732	3.34249
734	3.33032
736	3.33277
738	3.32525
740	3.33537
742	3.34211
744	3.35752
746	3.38523
748	3.37111
750	3.36962
752	3.36568
754	3.40244
756	3.40405
758	3.41116
760	3.40984
762	3.40534
764	3.43701
766	3.45297
768	3.44486
770	3.42195
772	3.44316
774	3.46545
776	3.46491
778	3.45805
780	3.44758
782	3.42834
784	3.4336
786	3.4797
788	3.50173
790	3.50967
792	3.49847
794	3.51211
796	3.51573
798	3.50133
800	3.49505
802	3.52119
804	3.54987
806	3.53659
808	3.53417
810	3.55037
812	3.55709
814	3.57973
816	3.57702
818	3.57401
820	3.54019
822	3.57482
824	3.55517
826	3.56289
828	3.56013
830	3.58003
832	3.58285
834	3.54913
836	3.57058
838	3.57171
840	3.62135
842	3.58499
844	3.57596
846	3.59377
848	3.59948
850	3.59291
852	3.61935
854	3.66627
856	3.60476
858	3.57401
860	3.58381
862	3.60924
864	3.5938
866	3.64382
868	3.65997
870	3.65672
872	3.616
874	3.62518
876	3.62158
878	3.64226
880	3.65101
882	3.63627
884	3.63395
886	3.66779
888	3.72517
890	3.73176
892	3.69847
894	3.70467
896	3.71094
898	3.71789
900	3.68833
902	3.72405
904	3.71623
906	3.72604
908	3.70929
910	3.72646
912	3.71213
914	3.72539
916	3.7177
918	3.73137
920	3.73293
922	3.73974
924	3.71603
926	3.72936
928	3.76123
930	3.78081
932	3.76799
934	3.7589
936	3.78978
938	3.78425
940	3.76999
942	3.73213
944	3.74993
946	3.76916
948	3.77925
950	3.76693
952	3.75743
954	3.76043
956	3.78787
958	3.81726
960	3.82755
962	3.79055
964	3.76841
966	3.78257
968	3.8034
970	3.79148
972	3.77977
974	3.80963
976	3.80881
978	3.80729
980	3.77878
982	3.78781
984	3.79561
986	3.84396
988	3.84561
990	3.81853
992	3.80247
994	3.83459
996	3.83308
998	3.82619
1000	3.81852
1000	3.85262
1000	3.84841
1010	3.82596
1010	3.78504
1010	3.79899
1010	3.79814
1010	3.78239
1020	3.74971
1020	3.75358
1020	3.70772
1020	3.69939
1020	3.66074
1030	3.65576
1030	3.64622
1030	3.65445
1030	3.62006
1030	3.58175
1040	3.55875
1040	3.53009
1040	3.52007
1040	3.53358
1040	3.52185
1050	3.48694
1050	3.46045
1050	3.4417
1050	3.42157
1050	3.4125
1060	3.42042
1060	3.35439
1060	3.31352
1060	3.31444
1060	3.34112
1070	3.31944
1070	3.28187
1070	3.25149
1070	3.24251
1070	3.25835
1080	3.25735
1080	3.21021
1080	3.16656
1080	3.15981
1080	3.15911
1090	3.14123
1090	3.12898
1090	3.12884
1090	3.06573
1090	3.03128
1100	3.01989
1100	3.01478
1100	3
1100	3.01318
1100	3.0081
1110	2.97941
1110	2.97563
1110	2.95413
1110	2.94189
1110	2.94061
1120	2.94772
1120	2.93669
1120	2.92794
1120	2.89619
1120	2.87175
1130	2.84659
1130	2.82343
1130	2.8313
1130	2.8292
1130	2.80453
1140	2.76332
1140	2.76367
1140	2.77259
1140	2.77097
1140	2.75861
1150	2.71635
1150	2.70174
1150	2.6883
1150	2.68757
1150	2.65532
1160	2.66385
1160	2.67219
1160	2.69846
1160	2.67328
1160	2.65112
1170	2.61729
1170	2.5993
1170	2.58194
1170	2.54318
1170	2.52541
1180	2.5589
1180	2.5943
1180	2.57225
1180	2.52391
1180	2.50573
1190	2.48509
1190	2.46769
1190	2.47326
1190	2.50047
1190	2.48521
1200	2.4372
1200	2.44045
1200	2.45252
1200	2.44035
1200	2.43072
1210	2.43775
1210	2.38305
1210	2.36436
1210	2.38699
1210	2.38547
1220	2.35725
1220	2.36611
1220	2.3766
1220	2.34357
1220	2.31396
1230	2.31489
1230	2.33866
1230	2.34747
1230	2.34883
1230	2.31397
1240	2.28349
1240	2.26023
1240	2.25754
1240	2.23903
1240	2.21712
1250	2.22027
1250	2.24204
1250	2.24725
1250	2.22203
1250	2.20405
1260	2.19401
1260	2.18522
1260	2.19483
1260	2.20525
1260	2.18768
1270	2.18331
1270	2.15905
1270	2.12719
1270	2.0998
1270	2.10082
1280	2.11595
1280	2.11701
1280	2.13259
1280	2.13714
1280	2.11277
1290	2.10299
1290	2.11104
1290	2.11875
1290	2.09774
1290	2.10773
1300	2.09351
1300	2.0594
1300	2.03113
1300	2.04421
1300	2.05207
1310	2.04653
1310	2.0195
1310	2.02366
1310	2.03504
1310	2.03077
1320	2.02368
1320	2.03031
1320	2.0154
1320	1.99666
1320	2.00343
1330	2.02054
1330	2.01363
1330	1.98873
1330	1.98321
1330	1.96395
1340	1.93676
1340	1.92462
1340	1.95806
1340	1.98996
1340	1.94937
1350	1.92977
1350	1.92749
1350	1.92263
1350	1.92065
1350	1.9166
1360	1.90478
1360	1.88351
1360	1.91175
1360	1.90569
1360	1.87164
1370	1.86534
1370	1.90452
1370	1.89602
1370	1.86621
1370	1.84347
1380	1.86109
1380	1.8509
1380	1.85655
1380	1.87589
1380	1.88781
1390	1.86994
1390	1.84569
1390	1.80495
1390	1.7945
1390	1.78624
1400	1.81707
1400	1.78792
1400	1.77391
1400	1.7571
1400	1.79903
1410	1.80733
1410	1.79635
1410	1.75755
1410	1.74555
1410	1.78339
1420	1.79375
1420	1.77447
1420	1.72715
1420	1.71888
1420	1.72239
1430	1.70543
1430	1.71701
1430	1.70782
1430	1.73064
1430	1.69861
1440	1.70555
1440	1.67999
1440	1.68513
1440	1.69144
1440	1.70448
1450	1.69175
1450	1.68026
1450	1.68108
1450	1.67364
1450	1.68867
1460	1.66146
1460	1.68112
1460	1.68827
1460	1.69001
1460	1.65703
1470	1.66141
1470	1.64881
1470	1.6453
1470	1.6763
1470	1.68516
1480	1.67638
1480	1.6695
1480	1.66299
1480	1.63003
1480	1.6068
1490	1.58064
1490	1.58617
1490	1.58453
1490	1.60644
1490	1.61526
1500	1.60837
1500	1.60673
1500	1.5938
1500	1.58712
1500	1.58376
1510	1.57065
1510	1.57035
1510	1.56465
1510	1.60633
1510	1.58244
1520	1.58228
1520	1.54521
1520	1.55417
1520	1.55732
1520	1.56474
1530	1.54146
1530	1.55728
1530	1.5522
1530	1.52969
1530	1.49707
1540	1.53992
1540	1.57598
1540	1.5692
1540	1.52163
1540	1.52202
1550	1.57408
1550	1.5681
1550	1.52059
1550	1.48005
1550	1.4986
1560	1.52191
1560	1.53482
1560	1.52811
1560	1.50433
1560	1.51527
1570	1.51998
1570	1.52744
1570	1.51773
1570	1.51224
1570	1.49514
1580	1.48578
1580	1.48293
1580	1.45936
1580	1.44995
1580	1.44302
1590	1.47339
1590	1.46014
1590	1.45584
1590	1.4465
1590	1.48378
1600	1.49398
1600	1.46691
1600	1.44505
1600	1.45657
1600	1.42886
1610	1.39058
1610	1.39881
1610	1.43651
1610	1.4215
1610	1.40579
1620	1.427
1620	1.45369
1620	1.43173
1620	1.40733
1620	1.42215
1630	1.44544
1630	1.40852
1630	1.39983
1630	1.4158
1630	1.44343
1640	1.4256
1640	1.41192
1640	1.40502
1640	1.3909
1640	1.39651
1650	1.38974
1650	1.39897
1650	1.38241
1650	1.38336
1650	1.36919
1660	1.38061
1660	1.40734
1660	1.43595
1660	1.40853
1660	1.37807
1670	1.36357
1670	1.36862
1670	1.33307
1670	1.32782
1670	1.3388
1680	1.37678
1680	1.36936
1680	1.35625
1680	1.36215
1680	1.36484
1690	1.33591
1690	1.32443
1690	1.3473
1690	1.36147
1690	1.36014
1700	1.34213
1700	1.31975
1700	1.30507
1700	1.30592
1700	1.27786
1710	1.27458
1710	1.28582
1710	1.27921
1710	1.26785
1710	1.27245
1720	1.28007
1720	1.28258
1720	1.3026
1720	1.32439
1720	1.30948
1730	1.30092
1730	1.3051
1730	1.29349
1730	1.27902
1730	1.30745
1740	1.33018
1740	1.30205
1740	1.26575
1740	1.27977
1740	1.29969
1750	1.30353
1750	1.28206
1750	1.27885
1750	1.27511
1750	1.28577
1760	1.30821
1760	1.30008
1760	1.26557
1760	1.25228
1760	1.27063
1770	1.28589
1770	1.25981
1770	1.26265
1770	1.2386
1770	1.25943
1780	1.25181
1780	1.24458
1780	1.24013
1780	1.24514
1780	1.26018
1790	1.24639
1790	1.25202
1790	1.24707
1790	1.26518
1790	1.26974
1800	1.24923
1800	1.21599
1800	1.21522
1800	1.21895
1800	1.20071
1810	1.20637
1810	1.1938
1810	1.20053
1810	1.20085
1810	1.23224
1820	1.21615
1820	1.21409
1820	1.22286
1820	1.20413
1820	1.2018
1830	1.21268
1830	1.2281
1830	1.21127
1830	1.19589
1830	1.21055
1840	1.20569
1840	1.20813
1840	1.18656
1840	1.20073
1840	1.1982
1850	1.20472
1850	1.19845
1850	1.19941
1850	1.19719
1850	1.17272
1860	1.18559
1860	1.22089
1860	1.21958
1860	1.18899
1860	1.20135
1870	1.2096
1870	1.18148
1870	1.15667
1870	1.17292
1870	1.18463
1880	1.19631
1880	1.20231
1880	1.19952
1880	1.16809
1880	1.14777
1890	1.16833
1890	1.17709
1890	1.17606
1890	1.16315
1890	1.16215
1900	1.13427
1900	1.13221
1900	1.15393
1900	1.19133
1900	1.19985
1910	1.17249
1910	1.13597
1910	1.11442
1910	1.13441
1910	1.16587
1920	1.16078
1920	1.15191
1920	1.16141
1920	1.15075
1920	1.12425
1930	1.12603
1930	1.17955
1930	1.16049
1930	1.15278
1930	1.12456
1940	1.13671
1940	1.11865
1940	1.15373
1940	1.13995
1940	1.12629
1950	1.12259
1950	1.13417
1950	1.14617
1950	1.12839
1950	1.12825
1960	1.12315
1960	1.11618
1960	1.10235
1960	1.10768
1960	1.12537
1970	1.13844
1970	1.17716
1970	1.15325
1970	1.12398
1970	1.10249
1980	1.10295
1980	1.10472
1980	1.11347
1980	1.10993
1980	1.11315
1990	1.11685
1990	1.12917
1990	1.10543
1990	1.09603
1990	1.07302
2000	1.09438
2000	1.11617
2000	1.08065
2000	1.07089
2000	1.07061
2010	1.09156
2010	1.07554
2010	1.08556
2010	1.08346
2010	1.04471
2020	1.05465
2020	1.08732
2020	1.09358
2020	1.08777
2020	1.07707
2030	1.0786
2030	1.06182
2030	1.0641
2030	1.04897
2030	1.06216
2040	1.06165
2040	1.08196
2040	1.12454
2040	1.11269
2040	1.06683
2050	1.05127
2050	1.10477
2050	1.10469
2050	1.10599
2050	1.114
2060	1.10298
2060	1.08318
2060	1.06402
2060	1.09006
2060	1.10045
2070	1.08124
2070	1.0384
2070	1.03243
2070	1.0459
2070	1.04056
2080	1.04818
2080	1.05271
2080	1.05676
2080	1.02442
2080	1.02155
2090	1.05016
2090	1.07737
2090	1.05628
2090	1.02837
2090	1.04646
2100	1.0291
2100	1.0319
2100	1.02279
2100	1.04803
2100	1.04985
2110	1.07392
2110	1.05141
2110	1.0481
2110	1.05101
2110	1.06331
2120	1.05737
2120	1.04267
2120	1.03254
2120	1.03751
2120	1.04259
2130	1.04227
2130	1.04183
2130	1.05743
2130	1.05562
2130	1.05883
2140	1.05135
2140	1.02764
2140	1.01434
2140	1.01446
2140	1.03801
2150	1.02453
2150	1.00865
2150	0.98484
2150	1.01265
2150	1.04388
2160	1.04367
2160	1.01527
2160	1.00766
2160	1.04658
2160	1.0347
2170	1.00824
2170	1.00003
2170	0.98921
2170	0.97901
2170	0.96543
2180	0.99647
2180	1.003
2180	0.99281
2180	0.99317
2180	0.99991
2190	1.00718
2190	0.95588
2190	0.97486
2190	1.02302
2190	1.04844
2200	1.03429
2200	1.00765
2200	1.01896
2200	1.01322
2200	1.01696
2210	0.99483
2210	1.00307
2210	1.00101
2210	1.0139
2210	0.98188
2220	0.9772
2220	0.98451
2220	1.00457
2220	0.99511
2220	1.01549
2230	1.01735
2230	1.01627
2230	1.00634
2230	1.03094
2230	1.01458
2240	1.00499
2240	0.99762
2240	0.99093
2240	0.97794
2240	0.96241
2250	0.98406
2250	0.99574
2250	1.00067
2250	0.9875
2250	0.96596
2260	0.97706
2260	0.97924
2260	0.99223
2260	0.98198
2260	0.98188
2270	0.9656
2270	0.95578
2270	0.97249
2270	0.96479
2270	0.98422
2280	0.97835
2280	0.97913
2280	0.95901
2280	0.97631
2280	0.95875
2290	0.97015
2290	0.97997
2290	0.95228
2290	0.91389
2290	0.92625
2300	0.97693
2300	1.00513
2300	0.99633
2300	0.97238
2300	0.96162
2310	0.99588
2310	0.98697
2310	0.99365
2310	0.97536
2310	0.95775
2320	0.96415
2320	0.97363
2320	0.94887
2320	0.90275
2320	0.9515
2330	0.98105
2330	0.97187
2330	0.92804
2330	0.93573
2330	0.94401
2340	0.96602
2340	0.95048
2340	0.92853
2340	0.90986
2340	0.92741
2350	0.95557
2350	0.96002
2350	0.93924
2350	0.92105
2350	0.90503
2360	0.9238
2360	0.93192
2360	0.95403
2360	0.9473
2360	0.9551
2370	0.93319
2370	0.92137
2370	0.92614
2370	0.93165
2370	0.92455
2380	0.92821
2380	0.93934
2380	0.95621
2380	0.98262
2380	0.95859
2390	0.92614
2390	0.91022
2390	0.94507
2390	0.93648
2390	0.93966
2400	0.92402
2400	0.91288
2400	0.90148
2400	0.9263
2400	0.93569
2410	0.97768
2410	0.94924
2410	0.92119
2410	0.90249
2410	0.92794
2420	0.91293
2420	0.89442
2420	0.92534
2420	0.95398
2420	0.96008
2430	0.9062
2430	0.90885
2430	0.89591
2430	0.90397
2430	0.91633
2440	0.95303
2440	0.92333
2440	0.89405
2440	0.8966
2440	0.91898
2450	0.91569
2450	0.93065
2450	0.93128
2450	0.92237
2450	0.91134
2460	0.90672
2460	0.89893
2460	0.88323
2460	0.89399
2460	0.89049
2470	0.88121
2470	0.89453
2470	0.91877
2470	0.92137
2470	0.88705
2480	0.88228
2480	0.90418
2480	0.90784
2480	0.89829
2480	0.89787
2490	0.89994
2490	0.88822
2490	0.89707
2490	0.90169
2490	0.89723
2500	0.91436
2500	0.93346
2500	0.93245
2500	0.9063
2500	0.91845
2510	0.92757
2510	0.929
2510	0.908
2510	0.88684
2510	0.87819
2520	0.88875
2520	0.90561
2520	0.89575
2520	0.89479
2520	0.90969
2530	0.93472
2530	0.9352
2530	0.94645
2530	0.91861
2530	0.89914
2540	0.90359
2540	0.90688
2540	0.8993
2540	0.87904
2540	0.8608
2550	0.85581
2550	0.87188
2550	0.90152
2550	0.90784
2550	0.90795
2560	0.89665
2560	0.89845
2560	0.89426
2560	0.87124
2560	0.86918
2570	0.84945
2570	0.84123
2570	0.87677
2570	0.91585
2570	0.90768
2580	0.86488
2580	0.866
2580	0.88779
2580	0.90306
2580	0.86695
2590	0.85979
2590	0.8599
2590	0.86313
2590	0.83603
2590	0.85221
2600	0.86584
2600	0.88255
2600	0.8591
2600	0.86478
2600	0.86085
2610	0.87225
2610	0.83874
2610	0.83996
2610	0.86727
2610	0.88106
2620	0.8599
2620	0.83869
2620	0.85809
2620	0.8451
2620	0.84987
2630	0.85295
2630	0.85316
2630	0.84696
2630	0.88164
2630	0.86965
2640	0.8451
2640	0.84785
2640	0.88954
2640	0.88604
2640	0.84855
2650	0.84648
2650	0.8555
2650	0.85428
2650	0.82967
2650	0.82431
2660	0.82675
2660	0.81699
2660	0.8425
2660	0.85688
2660	0.85836
2670	0.83513
2670	0.82246
2670	0.82792
2670	0.86377
2670	0.8749
2680	0.85019
2680	0.81641
2680	0.82632
2680	0.83577
2680	0.85274
2690	0.852
2690	0.83688
2690	0.83296
2690	0.83789
2690	0.83004
2700	0.81434
2700	0.84303
2700	0.85417
2700	0.83062
2700	0.82362
2710	0.84388
2710	0.85937
2710	0.84176
2710	0.84091
2710	0.82691
2720	0.84351
2720	0.83126
2720	0.85274
2720	0.83184
2720	0.83651
2730	0.84048
2730	0.84563
2730	0.81492
2730	0.79827
2730	0.79005
2740	0.81858
2740	0.85295
2740	0.89081
2740	0.86674
2740	0.85566
2750	0.81058
2750	0.78729
2750	0.80532
2750	0.83619
2750	0.86579
2760	0.84632
2760	0.83911
2760	0.82405
2760	0.82749
2760	0.81816
2770	0.82022
2770	0.82463
2770	0.8268
2770	0.81996
2770	0.83677
2780	0.83805
2780	0.84303
2780	0.80713
2780	0.7875
2780	0.79313
2790	0.81365
2790	0.84171
2790	0.82781
2790	0.84796
2790	0.82076
2800	0.8216
2800	0.82728
2800	0.86207
2800	0.83995
2800	0.82134
2810	0.84081
2810	0.83344
2810	0.81206
2810	0.82617
2810	0.84818
2820	0.83014
2820	0.81901
2820	0.82384
2820	0.82113
2820	0.80294
2830	0.80559
2830	0.81593
2830	0.82315
2830	0.82023
2830	0.84643
2840	0.83343
2840	0.83163
2840	0.81615
2840	0.84266
2840	0.8284
2850	0.83301
2850	0.8512
2850	0.84049
2850	0.81233
2850	0.78761
2860	0.80426
2860	0.81068
2860	0.81773
2860	0.82033
2860	0.81211
2870	0.80808
2870	0.83004
2870	0.81232
2870	0.78369
2870	0.79737
2880	0.82314
2880	0.83969
2880	0.83837
2880	0.82299
2880	0.77987
2890	0.77053
2890	0.81254
2890	0.80904
2890	0.82325
2890	0.79965
2900	0.81095
2900	0.78735
2900	0.80559
2900	0.79912
2900	0.80797
2910	0.79259
2910	0.77334
2910	0.80283
2910	0.8389
2910	0.86335
2920	0.83794
2920	0.82701
2920	0.78893
2920	0.80654
2920	0.82665
2930	0.8198
2930	0.76343
2930	0.73585
2930	0.76656
2930	0.78539
2940	0.78613
2940	0.78586
2940	0.82516
2940	0.79817
2940	0.76942
2950	0.76173
2950	0.79864
2950	0.80537
2950	0.81826
2950	0.81826
2960	0.83471
2960	0.83624
2960	0.82144
2960	0.78188
2960	0.78257
2970	0.78629
2970	0.77971
2970	0.8066
2970	0.81556
2970	0.79329
2980	0.76348
2980	0.77679
2980	0.7848
2980	0.79238
2980	0.77372
2990	0.74004
2990	0.76231
2990	0.76963
2990	0.74651
2990	0.74094
3000	0.79477
3000	0.7997
3000	0.78676
3000	0.78649
3000	0.82033
3010	0.80899
3010	0.75882
3010	0.71368
3010	0.75203
3010	0.78555
3020	0.81275
3020	0.81015
3020	0.81784
3020	0.76279
3020	0.76348
3030	0.77743
3030	0.80771
3030	0.7578
3030	0.75664
3030	0.76301
3040	0.80305
3040	0.80808
3040	0.78331
3040	0.75113
3040	0.76963
3050	0.80792
3050	0.78793
3050	0.77552
3050	0.79238
3050	0.80734
3060	0.7804
3060	0.75934
3060	0.76931
3060	0.79206
3060	0.78809
3070	0.76725
3070	0.76767
3070	0.77176
3070	0.75653
3070	0.76215
3080	0.7629
3080	0.78374
3080	0.77387
3080	0.77472
3080	0.77584
3090	0.77743
3090	0.76375
3090	0.75261
3090	0.75404
3090	0.75939
3100	0.75515
3100	0.76979
3100	0.7779
3100	0.80866
3100	0.80363
3110	0.79461
3110	0.76603
3110	0.73617
3110	0.72848
3110	0.76449
3120	0.8014
3120	0.80586
3120	0.78958
3120	0.74354
3120	0.7456
3130	0.78464
3130	0.8128
3130	0.78645
3130	0.75611
3130	0.7551
3140	0.77175
3140	0.75738
3140	0.75971
3140	0.75505
3140	0.77059
3150	0.75829
3150	0.78512
3150	0.79912
3150	0.79684
3150	0.78979
3160	0.78093
3160	0.76555
3160	0.76947
3160	0.74168
3160	0.74667
3170	0.75229
3170	0.7743
3170	0.76661
3170	0.75919
3170	0.75961
3180	0.7332
3180	0.72805
3180	0.73829
3180	0.76592
3180	0.76952
3190	0.76263
3190	0.7743
3190	0.78596
3190	0.76067
3190	0.74285
3200	0.7498
3200	0.75552
3200	0.73065
3200	0.73277
3200	0.73622
3210	0.74778
3210	0.74667
3210	0.74036
3210	0.7498
3210	0.75584
3220	0.74799
3220	0.73633
3220	0.75065
3220	0.72832
3220	0.7288
3230	0.78231
3230	0.80972
3230	0.77934
3230	0.73198
3230	0.74296
3240	0.75325
3240	0.74964
3240	0.73511
3240	0.73993
3240	0.75017
3250	0.76046
3250	0.75192
3250	0.75372
3250	0.75064
3250	0.75605
3260	0.73023
3260	0.75436
3260	0.7559
3260	0.78146
3260	0.75165
3270	0.73707
3270	0.714
3270	0.7202
3270	0.71028
3270	0.75218
3280	0.76544
3280	0.76406
3280	0.73553
3280	0.71405
3280	0.70276
3290	0.70541
3290	0.72042
3290	0.70827
3290	0.76146
3290	0.75982
3300	0.74805
3300	0.72153
3300	0.74322
3300	0.73034
3300	0.73182
3310	0.7393
3310	0.73643
3310	0.75393
3310	0.76772
3310	0.77356
3320	0.73962
3320	0.73506
3320	0.72647
3320	0.71252
3320	0.70424
3330	0.70053
3330	0.72301
3330	0.72704
3330	0.72286
3330	0.70366
3340	0.73585
3340	0.75118
3340	0.73208
3340	0.70403
3340	0.72476
3350	0.74556
3350	0.73771
3350	0.73028
3350	0.73972
3350	0.76279
3360	0.74985
3360	0.7253
3360	0.7237
3360	0.73845
3360	0.74577
3370	0.7315
3370	0.72699
3370	0.72513
3370	0.74189
3370	0.76693
3380	0.75823
3380	0.74349
3380	0.71098
3380	0.7097
3380	0.69644
3390	0.70806
3390	0.70355
3390	0.71082
3390	0.71256
3390	0.72827
3400	0.7166
3400	0.71501
3400	0.7062
3400	0.72041
3400	0.72201
3410	0.71914
3410	0.69926
3410	0.70986
3410	0.72684
3410	0.73309
3420	0.72556
3420	0.71697
3420	0.72317
3420	0.74847
3420	0.7718
3430	0.76724
3430	0.76427
3430	0.77079
3430	0.73945
3430	0.70737
3440	0.69555
3440	0.73861
3440	0.7708
3440	0.77387
3440	0.73065
3450	0.71654
3450	0.74052
3450	0.75303
3450	0.72704
3450	0.7141
3460	0.7272
3460	0.72752
3460	0.72084
3460	0.69819
3460	0.71448
3470	0.72068
3470	0.69687
3470	0.66839
3470	0.7104
3470	0.73649
3480	0.72795
3480	0.72519
3480	0.72673
3480	0.72132
3480	0.75128
3490	0.75155
3490	0.71358
3490	0.68595
3490	0.71453
3490	0.70885
3500	0.714
3500	0.72874
3500	0.73151
3500	0.71946
3500	0.7088
3510	0.74014
3510	0.73145
3510	0.71225
3510	0.69379
3510	0.7158
3520	0.71851
3520	0.70721
3520	0.70498
3520	0.7227
3520	0.73935
3530	0.73426
3530	0.73309
3530	0.71315
3530	0.71479
3530	0.72757
3540	0.74847
3540	0.73617
3540	0.73012
3540	0.73203
3540	0.71485
3550	0.7158
3550	0.71379
3550	0.71231
3550	0.7043
3550	0.71798
3560	0.71178
3560	0.69979
3560	0.69167
3560	0.69724
3560	0.72429
3570	0.73776
3570	0.73972
3570	0.71692
3570	0.72089
3570	0.70848
3580	0.73425
3580	0.71045
3580	0.71283
3580	0.67449
3580	0.66085
3590	0.65083
3590	0.69363
3590	0.69655
3590	0.71506
3590	0.72222
3600	0.73474
3600	0.72513
3600	0.73474
3600	0.71082
3600	0.70186
3610	0.70944
3610	0.72514
3610	0.71851
3610	0.70599
3610	0.70933
3620	0.70461
3620	0.70398
3620	0.6878
3620	0.70504
3620	0.70148
3630	0.71846
3630	0.72954
3630	0.72402
3630	0.7
3630	0.69512
3640	0.69629
3640	0.70578
3640	0.68473
3640	0.69173
3640	0.70859
3650	0.74126
3650	0.72885
3650	0.72031
3650	0.6861
3650	0.68621
3660	0.68006
3660	0.71702
3660	0.68626
3660	0.67847
3660	0.66383
3670	0.70111
3670	0.70567
3670	0.71416
3670	0.72588
3670	0.73543
3680	0.6948
3680	0.6704
3680	0.67693
3680	0.70583
3680	0.72281
3690	0.7541
3690	0.73103
3690	0.68945
3690	0.66706
3690	0.69331
3700	0.71193
3700	0.72657
3700	0.69941
3700	0.68966
3700	0.6599
3710	0.67846
3710	0.68011
3710	0.68664
3710	0.66606
3710	0.68313
3720	0.68404
3720	0.70843
3720	0.735
3720	0.74937
3720	0.70154
3730	0.67443
3730	0.67857
3730	0.70499
3730	0.72069
3730	0.69968
3740	0.6781
3740	0.68403
3740	0.73394
3740	0.73283
3740	0.70403
3750	0.68022
3750	0.71607
3750	0.74836
3750	0.75494
3750	0.73119
3760	0.69528
3760	0.67634
3760	0.67046
3760	0.6975
3760	0.71039
3770	0.72599
3770	0.73495
3770	0.71549
3770	0.69024
3770	0.70212
3780	0.73219
3780	0.70397
3780	0.70297
3780	0.69645
3780	0.69692
3790	0.67088
3790	0.68743
3790	0.71294
3790	0.71034
3790	0.69931
3800	0.68207
3800	0.67698
3800	0.66288
3800	0.69242
3800	0.71962
3810	0.71994
3810	0.72259
3810	0.72079
3810	0.7096
3810	0.67799
3820	0.6852
3820	0.7008
3820	0.71474
3820	0.69788
3820	0.67603
3830	0.64309
3830	0.66855
3830	0.68006
3830	0.72365
3830	0.71416
3840	0.75075
3840	0.73882
3840	0.72529
3840	0.69671
3840	0.66441
3850	0.64649
3850	0.67141
3850	0.72694
3850	0.72291
3850	0.68716
3860	0.70403
3860	0.71209
3860	0.70271
3860	0.66426
3860	0.64962
3870	0.64198
3870	0.66494
3870	0.68393
3870	0.6606
3870	0.62522
3880	0.66134
3880	0.68982
3880	0.71655
3880	0.70371
3880	0.73304
3890	0.70742
3890	0.70769
3890	0.72386
3890	0.72614
3890	0.69326
3900	0.69416
3900	0.70573
3900	0.69746
3900	0.69963
3900	0.71066
3910	0.69268
3910	0.67311
3910	0.69852
3910	0.70896
3910	0.70249
3920	0.68987
3920	0.6842
3920	0.68006
3920	0.69453
3920	0.68865
3930	0.68578
3930	0.66516
3930	0.67062
3930	0.6502
3930	0.65328
3940	0.66102
3940	0.68637
3940	0.69422
3940	0.69019
3940	0.71092
3950	0.69995
3950	0.69252
3950	0.66865
3950	0.6572
3950	0.66144
3960	0.67709
3960	0.70026
3960	0.69215
3960	0.72964
3960	0.72381
3970	0.71347
3970	0.70796
3970	0.71326
3970	0.68807
3970	0.65503
3980	0.68197
3980	0.69894
3980	0.69793
3980	0.69401
3980	0.68377
3990	0.67624
3990	0.65121
3990	0.67343
3990	0.66404
3990	0.67056
4000	0.66887
4000	0.70944
4000	0.72466
4000	0.73177
4000	0.71039
4010	0.68372
4010	0.67046
4010	0.679
4010	0.68653
4010	0.67142
4020	0.66399
4020	0.65916
4020	0.6704
4020	0.66765
4020	0.67263
4030	0.66054
4030	0.66436
4030	0.69274
4030	0.72111
4030	0.70705
4040	0.68536
4040	0.69252
4040	0.72222
4040	0.72291
4040	0.72153
4050	0.69995
4050	0.71098
4050	0.67995
4050	0.66871
4050	0.62241
4060	0.66128
4060	0.69008
4060	0.7237
4060	0.69284
4060	0.70011
4070	0.69247
4070	0.69586
4070	0.70164
4070	0.71087
4070	0.68202
4080	0.67454
4080	0.69756
4080	0.72519
4080	0.70228
4080	0.68154
4090	0.70048
4090	0.69528
4090	0.6747
4090	0.6704
4090	0.70074
4100	0.68589
4100	0.6861
4100	0.72037
4100	0.7262
4100	0.68568
4110	0.67125
4110	0.65582
4110	0.64336
4110	0.66202
4110	0.69994
4120	0.7036
4120	0.69459
4120	0.6721
4120	0.64957
4120	0.6747
4130	0.69263
4130	0.6764
4130	0.67401
4130	0.7027
4130	0.69189
4140	0.66102
4140	0.67194
4140	0.6695
4140	0.6833
4140	0.69337
4150	0.70679
4150	0.65619
4150	0.66298
4150	0.67189
4150	0.69082
4160	0.67088
4160	0.67057
4160	0.68568
4160	0.69188
4160	0.67899
4170	0.64903
4170	0.67269
4170	0.67677
4170	0.6965
4170	0.68944
4180	0.68912
4180	0.66765
4180	0.66256
4180	0.66049
4180	0.66775
4190	0.68769
4190	0.70742
4190	0.68981
4190	0.686
4190	0.67364
4200	0.68759
4200	0.68297
4200	0.70159
4200	0.67878
4200	0.6642
4210	0.65502
4210	0.67528
4210	0.70048
4210	0.69793
4210	0.658
4220	0.65609
4220	0.67878
4220	0.69671
4220	0.67958
4220	0.6546
4230	0.65216
4230	0.68085
4230	0.71951
4230	0.71283
4230	0.69857
4240	0.69326
4240	0.69469
4240	0.69087
4240	0.68234
4240	0.69639
4250	0.72625
4250	0.69263
4250	0.68308
4250	0.6746
4250	0.6634
4260	0.64097
4260	0.65969
4260	0.68054
4260	0.65715
4260	0.66139
4270	0.66839
4270	0.66706
4270	0.66834
4270	0.68398
4270	0.6677
4280	0.65725
4280	0.66293
4280	0.68796
4280	0.67078
4280	0.65985
4290	0.67942
4290	0.68616
4290	0.68106
4290	0.66828
4290	0.65757
4300	0.63546
4300	0.63052
4300	0.63015
4300	0.63174
4300	0.63397
4310	0.65407
4310	0.66182
4310	0.69295
4310	0.67777
4310	0.68393
4320	0.69279
4320	0.69708
4320	0.67698
4320	0.66192
4320	0.66749
4330	0.68191
4330	0.70594
4330	0.67926
4330	0.66303
4330	0.67321
4340	0.66197
4340	0.65704
4340	0.6861
4340	0.71352
4340	0.7053
4350	0.6835
4350	0.67507
4350	0.66287
4350	0.66653
4350	0.6485
4360	0.6494
4360	0.66913
4360	0.68488
4360	0.67332
4360	0.66584
4370	0.66866
4370	0.7018
4370	0.71023
4370	0.68828
4370	0.6432
4380	0.67359
4380	0.68149
4380	0.67905
4380	0.63991
4380	0.6512
4390	0.65137
4390	0.6493
4390	0.62809
4390	0.63397
4390	0.65423
4400	0.66213
4400	0.64431
4400	0.64579
4400	0.65094
4400	0.66059
4410	0.65953
4410	0.68467
4410	0.69411
4410	0.68637
4410	0.68849
4420	0.65958
4420	0.64956
4420	0.63874
4420	0.70053
4420	0.69316
4430	0.70244
4430	0.65216
4430	0.65412
4430	0.65503
4430	0.67062
4440	0.64659
4440	0.6546
4440	0.68
4440	0.71283
4440	0.69512
4450	0.66192
4450	0.63922
4450	0.65699
4450	0.68191
4450	0.68016
4460	0.666
4460	0.65704
4460	0.68022
4460	0.67788
4460	0.66611
4470	0.66977
4470	0.67587
4470	0.6886
