1.49701e-05
0.00487003
0.000471379
2.32836e-05
0.0038748
0.00456855
2.91189e-05
0.000176175
0.00160134
0.000483446
0.0128081
2.30273e-05
0.00387004
0.00350828
6.15692e-05
0.000136485
0.00112945
0.000228531
3.35575e-05
0.00357832
0.00485437
0.00409157
0.0105345
0.0029822
0.188758
4.39569e-05
9.98107e-05
0.00091528
0.000246213
0.0014672
3.2798e-05
0.00634868
0.00289868
0.00464551
0.00164329
0.00199989
8.58784e-05
0.000199787
4.15851e-05
0.0194601
0.00611954
0.0200045
0.0054463
0.00853396
0.00214481
0.00140643
8.31747e-05
0.000226438
0.000309362
4.11249e-05
0.00480419
0.00448819
0.00542101
0.00320048
0.00708217
0.000339944
8.95191e-05
4.61039e-05
0.00225974
0.00570931
0.00807019
0.00616648
0.00986289
0.00413671
0.0117579
0.00131269
0.000304159
0.00010944
0.00148489
4.45422e-05
0.0141124
0.0132254
0.00416195
0.00506933
0.000405835
0.000111866
0.000346499
4.65288e-05
0.00130722
0.0102396
0.0141119
0.0435829
0.00744062
0.0123114
0.00348986
0.000306904
9.6636e-05
0.0028386
0.000534305
4.57047e-05
0.00843582
0.0100833
0.0048895
0.00888181
0.00640983
0.000137865
0.000238805
4.51824e-05
0.0032456
0.000478172
0.00519745
0.00343493
0.00596734
0.0115514
0.00845077
0.00535974
0.00371694
0.0040615
0.00472016
0.00172268
0.000460372
0.000277539
4.35895e-05
0.00586692
0.0137202
0.0378696
0.00608089
0.00456974
0.00345655
9.62901e-05
3.90274e-05
0.00129646
0.000204327
0.00382965
0.00775404
0.00353584
0.00553152
0.00548117
0.00526218
0.00550345
0.00572772
0.00822686
0.00578734
0.0125839
0.000298085
0.0120778
0.000873259
9.3306e-05
0.000316501
3.81546e-05
0.00684671
0.00549284
0.0249653
0.00649802
0.00751019
0.0025936
0.0150548
0.00122689
3.02735e-05
7.62285e-05
0.000324207
2.08022e-05
0.00660831
0.0145356
0.0138715
0.0059484
0.00607526
0.00487744
0.00522546
0.00470647
0.00695971
0.00124552
0.00453945
0.00437957
0.00021148
0.00063375
7.95674e-05
2.99057e-05
2.06756e-05
0.0108675
0.00408441
0.00508348
0.0061999
0.00690901
0.00323152
0.00303177
0.000400762
4.1444e-05
9.6673e-05
2.52684e-05
1.35172e-05
0.00599852
0.0100617
0.0109471
0.0130396
0.00537671
0.00668701
0.00456084
0.00796152
0.00712524
0.00503592
0.0204829
0.00924698
0.000722825
0.000144849
4.72165e-05
2.52535e-05
1.34933e-05
0.0123444
0.00498282
0.00399623
0.0313967
0.00424722
0.000972641
0.000981777
0.00204274
0.000137329
4.5081e-05
2.05853e-05
0.0047513
0.00508123
0.0105338
0.00542059
0.0044797
0.0132623
0.00384723
0.0042555
0.00473489
0.00548529
0.00149681
0.00183294
0.000353962
8.7286e-05
3.93643e-05
2.06276e-05
0.00754159
0.00584799
0.00402412
0.00317714
0.0123045
0.000240179
0.000808459
7.0205e-05
2.95618e-05
0.00851361
0.00756849
0.00939227
0.00491359
0.00705635
0.0033826
0.0152825
0.00379403
0.00496812
0.0016718
0.00203868
0.00026884
6.18897e-05
2.96657e-05
0.00669243
0.00573216
0.00122076
0.00191284
0.000285631
0.000107648
3.80448e-05
0.0126072
0.00541168
0.00542217
0.00599113
0.00287753
0.00286346
0.00239045
0.00296058
0.00207675
0.00032989
0.000447661
8.33665e-05
3.85702e-05
0.00263184
0.00139969
0.000638408
0.000103074
4.37964e-05
0.00539358
0.00426764
0.00405292
0.00638308
0.00593935
0.00116791
0.00284597
0.00108562
0.000271004
0.000582945
0.000205229
4.38717e-05
0.000298802
0.000336514
0.000398765
4.63436e-05
0.001442
0.00290571
0.00212848
0.000819545
0.000345741
0.000337208
0.000129649
4.49388e-05
0.00019663
0.000115277
4.4322e-05
0.000259294
0.000408119
0.000643643
0.000198389
0.000683365
0.000112147
4.33465e-05
7.82012e-05
3.96238e-05
0.000100894
0.000122791
7.99779e-05
3.88188e-05
4.28857e-05
3.08066e-05
4.98076e-05
3.05083e-05
2.65288e-05
2.13768e-05
2.12494e-05
1.39355e-05
1.51906e-05
0.0113994
0.00136662
2.37016e-05
0.0320973
0.00860632
2.98432e-05
0.00018476
0.0051902
0.000911893
0.0035068
2.34882e-05
0.00390537
0.00605722
6.47949e-05
0.000156248
0.00123852
0.000241913
3.45822e-05
0.00723059
0.00744457
0.00743115
0.0129773
0.00373506
0.00451924
4.55072e-05
0.000105631
0.00703428
0.00021782
0.00203336
3.37685e-05
0.0109621
0.00542491
0.00384553
0.00210271
0.00172076
9.09317e-05
0.000562711
4.33986e-05
0.00822276
0.0623216
0.0113017
0.0105787
0.00868274
0.0323554
0.00195311
8.78315e-05
0.000563639
0.000368001
4.20165e-05
0.0146746
0.00876495
0.00847772
0.00373251
0.00166904
0.000368131
9.55144e-05
4.71544e-05
0.00168266
0.0108395
0.00793304
0.00887175
0.0139855
0.00802519
0.00739972
0.00289283
0.000467505
0.000115656
0.00286921
4.67907e-05
0.00632824
0.017974
0.00761016
0.00546359
0.000481243
0.000156182
0.000475809
4.95049e-05
0.00242372
0.00917209
0.00731168
0.010709
0.00577379
0.00635675
0.00440954
0.000716523
0.000126808
0.00353689
0.000439251
4.84416e-05
0.00695434
0.0110581
0.0106119
0.00738433
0.0067338
0.000138507
0.000251164
4.62232e-05
0.00203089
0.000693188
0.135743
0.00963984
0.0126763
0.00958307
0.00927846
0.026591
0.00734298
0.0212273
0.00872258
0.00131306
0.000331333
0.000586574
4.51684e-05
0.0154605
0.0061846
0.0249089
0.00734346
0.00658889
0.00529479
0.000102505
4.04059e-05
0.0017295
0.000345101
0.00681492
0.00973201
0.00722701
0.0299333
0.0164981
0.0127803
0.0104197
0.0399468
0.0246265
0.0255956
0.011094
0.000352706
0.00458135
0.00547418
9.98485e-05
0.000348295
3.9504e-05
0.00658112
0.0104017
0.0166459
0.0116609
0.0137276
0.00435828
0.00590403
0.00356674
3.10874e-05
7.96445e-05
0.000261626
2.12069e-05
0.00681959
0.0256215
0.00762031
0.00983345
0.0100849
0.00661525
0.0262567
0.00713836
0.00855714
0.00118525
0.006076
0.0106175
0.000247115
0.000543907
8.42974e-05
3.07129e-05
2.10899e-05
0.0142256
0.0122227
0.00921082
0.00878969
0.0165102
0.00211756
0.00372258
0.000400204
4.28753e-05
0.00010231
2.5914e-05
1.37293e-05
0.0178257
0.00887376
0.00837029
0.00928425
0.0303566
0.00884063
0.00739849
0.00608389
0.00636984
0.0061782
0.00257627
0.00749763
0.00062344
0.000183133
4.89429e-05
2.58298e-05
1.36758e-05
0.00934443
0.00810527
0.00510026
0.0196051
0.00858377
0.00305725
0.000530256
0.00178173
0.000149535
4.66304e-05
2.1018e-05
0.0225722
0.0211672
0.0091094
0.0290845
0.00911865
0.00825022
0.00711882
0.00706414
0.00522077
0.00936935
0.00441591
0.00157363
0.000232069
9.22183e-05
4.05765e-05
2.09774e-05
0.00840151
0.00718574
0.00798996
0.0259325
0.002739
0.000487519
0.000847019
7.27787e-05
3.03222e-05
0.00976384
0.00582609
0.0369094
0.00900989
0.0053903
0.0082475
0.00659102
0.00690125
0.00657288
0.00133061
0.00590516
0.000226675
6.47912e-05
3.04408e-05
0.0100821
0.00611173
0.00149549
0.00146928
0.000323905
0.000113514
3.88772e-05
0.0065975
0.00339517
0.0125115
0.0104273
0.0107972
0.00402646
0.0429175
0.00223197
0.00319932
0.000421542
0.0050797
8.81687e-05
3.97269e-05
0.00188696
0.00446262
0.000599625
0.000123128
4.52302e-05
0.0033785
0.00242589
0.00359354
0.00511769
0.0123618
0.00190156
0.0017499
0.00170218
0.000350859
0.000966906
0.00013944
4.54972e-05
0.000604475
0.000543883
0.000198758
4.78682e-05
0.0013663
0.00096006
0.00413574
0.00203105
0.000427091
0.000413745
0.000179174
4.67466e-05
0.000371597
0.000126489
4.63762e-05
0.000252257
0.000810553
0.000530913
0.000243402
0.000274697
0.000109656
4.49368e-05
8.15643e-05
4.0555e-05
0.000107172
0.00013344
8.3878e-05
3.992e-05
4.42574e-05
3.15894e-05
5.16897e-05
3.12434e-05
2.71781e-05
2.18082e-05
2.17074e-05
1.41285e-05
1.53701e-05
0.00479351
0.00150761
2.41363e-05
0.00553465
0.0409209
3.03257e-05
0.000205715
0.00581104
0.000603888
0.00573437
2.39009e-05
0.00433308
0.0231685
6.73853e-05
0.000159548
0.00176627
0.000339871
3.5199e-05
0.00609794
0.0139971
0.00807532
0.020089
0.00497355
0.00407502
4.65975e-05
0.000112683
0.00144995
0.000236147
0.004189
3.45507e-05
0.0141144
0.00702031
0.00765678
0.00141932
0.00199772
9.62873e-05
0.000293898
4.43775e-05
0.00879826
0.00807298
0.0180628
0.005426
0.00433836
0.00144871
0.00404992
9.0776e-05
0.000379602
0.000713316
4.28884e-05
0.0080103
0.00657551
0.0106511
0.00167296
0.00140569
0.000333578
9.91096e-05
5.04888e-05
0.00132732
0.010544
0.00966055
0.0113163
0.00992618
0.0072762
0.00725409
0.00151046
0.00105161
0.000142322
0.0113569
4.78684e-05
0.00837475
0.00665885
0.00668286
0.01751
0.000410199
0.000135353
0.000841195
4.97667e-05
0.00247117
0.0122009
0.0156666
0.01492
0.00850304
0.014017
0.00786114
0.00159376
0.000104896
0.00243059
0.000525066
4.94875e-05
0.0130481
0.00914588
0.0150281
0.00844897
0.00495068
0.000147147
0.000667093
4.83444e-05
0.0016879
0.00047467
0.00714619
0.0637383
0.0062217
0.00882789
0.0117148
0.0108093
0.0130713
0.00734763
0.0132802
0.00215501
0.000189402
0.00042211
4.64979e-05
0.00601668
0.00679295
0.00578496
0.00843544
0.00568454
0.0107953
0.000105882
4.12799e-05
0.00141194
0.000255021
0.00879653
0.00607174
0.00689293
0.00678189
0.0060523
0.0071317
0.00774857
0.0255213
0.00852491
0.00589037
0.00853946
0.000393561
0.00452053
0.00306606
0.000103224
0.00034049
4.05006e-05
0.0068813
0.00668055
0.0106064
0.0240825
0.00654568
0.00537033
0.00600263
0.00161722
3.16872e-05
8.20833e-05
0.00029429
2.15518e-05
0.0113392
0.010966
0.00661796
0.0103077
0.0121302
0.00674071
0.0119296
0.00752755
0.00850776
0.00137789
0.00385388
0.00948711
0.000301458
0.000553095
8.74299e-05
3.13276e-05
2.13941e-05
0.00885982
0.0141416
0.00911287
0.0112017
0.00949708
0.00294222
0.00460709
0.000557295
4.3935e-05
0.000106388
2.63039e-05
1.38512e-05
0.0147175
0.0293341
0.00681893
0.00638487
0.00924487
0.0102927
0.0135616
0.00803966
0.00873887
0.0086318
0.00259752
0.00438681
0.000630364
0.00016557
5.01792e-05
2.6256e-05
1.38188e-05
0.00659094
0.0508013
0.00869226
0.0304215
0.0110009
0.00209372
0.000627028
0.00243844
0.000158693
4.78249e-05
2.12992e-05
0.00712608
0.00784656
0.00789304
0.029698
0.00768675
0.0106852
0.0139225
0.00525551
0.0118407
0.00532
0.00103491
0.00170374
0.000257386
9.66778e-05
4.15187e-05
2.13155e-05
0.0148567
0.00593145
0.00558611
0.0076753
0.0024434
0.000279832
0.00207055
7.55595e-05
3.08706e-05
0.00818497
0.00652783
0.00990046
0.00825428
0.00839243
0.00616763
0.00703435
0.00473964
0.00389738
0.0108011
0.00854584
0.000749443
6.63821e-05
3.10493e-05
0.0067487
1.28758
0.00171307
0.00183636
0.000544046
0.000127138
4.03274e-05
0.00558317
0.00393134
0.00909649
0.00740798
0.00539451
0.00395717
0.00519196
0.00213095
0.00492895
0.000364501
0.000710593
9.20185e-05
4.08394e-05
0.00292245
0.00179601
0.000455433
0.000155779
4.6442e-05
0.00688389
0.00224646
0.0117255
0.00722007
0.00330357
0.00206268
0.00205132
0.0035382
0.000465829
0.000509222
0.000145247
4.66514e-05
0.000745752
0.000501487
0.000125737
4.92761e-05
0.00127775
0.00120288
0.003761
0.00129754
0.000916874
0.000599247
0.000752473
4.84657e-05
0.000548363
0.000358487
4.74196e-05
0.000310111
0.000740554
0.00084998
0.000281485
0.000272538
0.000117643
4.6164e-05
8.51177e-05
4.23859e-05
0.000112767
0.000139903
8.77795e-05
4.06557e-05
4.50418e-05
3.22431e-05
5.33045e-05
3.18252e-05
2.76185e-05
2.20867e-05
2.20173e-05
1.42585e-05
1.54598e-05
0.00602458
0.000832309
2.44197e-05
0.00513926
0.0117625
3.07514e-05
0.000208779
0.00272587
0.000669156
0.0113925
2.40935e-05
0.0127735
0.00493238
6.85319e-05
0.000167609
0.00101932
0.000377307
3.55994e-05
0.00632061
0.0103417
0.00829239
0.0884779
0.00493275
0.00560935
4.74176e-05
0.0001121
0.00119322
0.000418842
0.00175105
3.49307e-05
0.00775121
0.00475104
0.00364357
0.00132539
0.00226625
9.68142e-05
0.000274636
4.47379e-05
0.013844
0.0052382
0.00831808
0.0169674
0.00848351
0.00154272
0.00325793
9.39398e-05
0.000621262
0.000503633
4.39362e-05
0.0224476
0.00903863
0.00880747
0.00148147
0.00193008
0.000432959
9.9298e-05
5.07578e-05
0.00173971
0.0456297
0.00934299
0.00569306
0.00878687
0.0155309
0.00620537
0.00293586
0.000515502
0.000124336
0.00672528
4.84585e-05
0.00673383
0.00571485
0.00673124
0.00415274
0.000544299
0.000154563
0.00060985
5.14424e-05
0.00152056
0.0155304
0.0153652
0.00750076
0.0119593
0.0127617
0.0253899
0.000543482
0.000370664
0.00483166
0.000484716
5.0354e-05
0.0516826
0.0136247
0.0189539
0.0278447
0.00768485
0.000188146
0.000321815
4.80788e-05
0.00984229
0.000399591
0.00608447
0.00642058
0.00597329
0.00826532
0.0120688
0.0207183
0.00589527
0.00787576
0.00366223
0.00123853
0.000166442
0.000377555
4.74787e-05
0.0182761
0.0166836
0.0134345
0.00742373
0.00820106
0.00441666
0.000109863
4.17955e-05
0.00263316
0.000257569
0.00780987
0.0184825
0.0117895
0.0112438
0.00540424
0.0114265
0.00886988
0.00780221
0.0108962
0.0150004
0.0071943
0.000688829
0.00539025
0.00397902
0.000105522
0.000249819
4.10517e-05
0.00705406
0.00551363
0.00703561
0.00844929
0.0076213
0.0153227
0.00672498
0.00111757
3.2038e-05
8.4829e-05
0.000346811
2.1705e-05
0.0169502
0.00947957
0.00951013
0.0171916
0.00807886
0.0129814
0.00564738
0.0164538
0.010536
0.00116478
0.00414572
0.00871556
0.000272559
0.000798527
8.95342e-05
3.16448e-05
2.15991e-05
0.0105662
0.0122048
0.00703461
0.00946075
0.00712532
0.00606556
0.00340024
0.000538875
4.45493e-05
0.000108281
2.66592e-05
1.39452e-05
0.0229408
0.00649874
0.00633753
0.00544108
0.0202406
0.00689715
0.0100039
0.00908842
0.00744969
0.00659921
0.029666
0.0048256
0.00705806
0.000176263
5.10126e-05
2.65673e-05
1.39216e-05
0.0352616
0.0219976
0.00666183
0.0341828
0.00394962
0.00101213
0.000706947
0.00119261
0.000191128
4.85199e-05
2.15191e-05
0.00676446
0.0129422
0.00737163
0.00709366
0.011295
0.00735087
0.0081427
0.0066883
0.0144902
0.00736898
0.00115797
0.0075155
0.000274922
9.80988e-05
4.20978e-05
2.14842e-05
0.00644985
0.00590468
0.00410795
0.0145758
0.00162706
0.000313813
0.000474919
7.72249e-05
3.11999e-05
0.0143506
0.0227158
0.00925314
0.00532966
0.00643743
0.0097435
0.0103882
0.00716311
0.00635077
0.00309821
0.00201754
0.000417595
6.83478e-05
3.14261e-05
0.00444045
0.00669765
0.0016346
0.00168135
0.00108979
0.000131693
4.07854e-05
0.0201875
0.0041795
0.00576234
0.0996457
0.0207206
0.00565879
0.00468836
0.00151733
0.00308536
0.000407482
0.00130389
9.29005e-05
4.13165e-05
0.00277186
0.00122118
0.000720193
0.000257593
4.676e-05
0.0153203
0.00169748
0.00419872
0.005034
0.0332762
0.00159813
0.00157936
0.00206204
0.00176989
0.000837163
0.000151265
4.74569e-05
0.000471319
0.000629136
0.000248412
4.98337e-05
0.00757299
0.00131851
0.00567569
0.00109116
0.000337491
0.00051394
0.000178279
4.97562e-05
0.000797512
0.000144006
4.84165e-05
0.000434514
0.000669663
0.00072679
0.000245322
0.000399728
0.000118268
4.67651e-05
8.64109e-05
4.26708e-05
0.00011337
0.000143378
8.87884e-05
4.13711e-05
4.56081e-05
3.26537e-05
5.3978e-05
3.23364e-05
2.79153e-05
2.22942e-05
2.22213e-05
1.43651e-05
1.54939e-05
0.00415623
0.000904849
2.45075e-05
0.0140988
0.00786003
3.09457e-05
0.000212976
0.00196926
0.000667779
0.00440677
2.42036e-05
0.00361944
0.00674602
6.82928e-05
0.000167378
0.00981367
0.000279768
3.60089e-05
0.00599731
0.0559979
0.00592283
0.0141067
0.00535466
0.00444204
4.75113e-05
0.000114841
0.00101836
0.000287904
0.00208816
3.51501e-05
0.00943894
0.00831553
0.00725028
0.00452154
0.00155466
9.80329e-05
0.00223771
4.54252e-05
0.00587654
0.00856378
0.0095784
0.0111651
0.00334443
0.00158834
0.00188609
9.37876e-05
0.000690112
0.000518635
4.39015e-05
0.0107475
0.0054795
0.00466762
0.00241736
0.00323082
0.000392387
0.000100858
5.10627e-05
0.0100505
0.00773885
0.00792221
0.009285
0.00775421
0.0153755
0.00299958
0.0019868
0.000834646
0.000142239
0.0013197
4.98105e-05
0.00652569
0.0102341
0.0139237
0.00380512
0.000665969
0.000169465
0.000459456
5.19332e-05
0.00360182
0.0067795
0.0102005
0.00860626
0.0102195
0.00673442
0.0059852
0.000427007
0.000119828
0.0023171
0.000994688
5.1422e-05
0.00716327
0.0317979
0.00975437
0.0082227
0.00486995
0.000173136
0.00099263
4.94479e-05
0.00263942
0.00046652
0.0057439
0.0071794
0.00644946
0.0116667
0.0278672
0.00668566
0.00600581
0.00648947
0.00816551
0.00266612
0.000180992
0.000829108
4.80498e-05
0.0194468
0.00659764
0.00739756
0.00733243
0.00570036
0.0132132
0.000109383
4.22558e-05
0.00458195
0.000448038
0.0087401
0.00585426
0.00989006
0.0107155
0.00527407
0.00639891
0.0074929
0.00598431
0.00882808
0.013597
0.0420045
0.000617307
0.00885553
0.00138349
0.000108149
0.000311262
4.13354e-05
0.00684409
0.00557766
0.00780058
0.00882551
0.0274806
0.00409174
0.0121366
0.000987875
3.22745e-05
8.45614e-05
0.000332274
2.18135e-05
0.00613499
0.00975318
0.00630652
0.0138664
0.00707849
0.00822664
0.0066422
0.00872589
0.0117686
0.00103494
0.0054218
0.00452218
0.000588947
0.000721544
8.96285e-05
3.18274e-05
2.16995e-05
0.0253583
0.0127958
0.00712712
0.00522253
0.00735267
0.00230973
0.00316329
0.000705736
4.48385e-05
0.000110396
2.67264e-05
1.40016e-05
0.00831794
0.0074967
0.00913964
0.0118294
0.0073903
0.0180548
0.00600684
0.010386
0.00444188
0.192558
0.0019277
0.00898053
0.000628064
0.00017111
5.12714e-05
2.67264e-05
1.395e-05
0.00945248
0.00914921
0.00802796
0.00805401
0.00447693
0.00152324
0.000792867
0.00354371
0.000203554
4.87668e-05
2.16503e-05
0.0218496
0.00617615
0.012221
0.0110964
0.00690335
0.0176955
0.0054626
0.00569758
0.00780623
0.00878997
0.00109374
0.00128681
0.000285739
9.91395e-05
4.25026e-05
2.15979e-05
0.00612368
0.0134887
0.00397551
0.00354884
0.00150461
0.000283519
0.000874158
7.76275e-05
3.15008e-05
0.015943
0.00506265
0.00581602
0.00735665
0.00683269
0.00538101
0.0143779
0.00608626
0.0146425
0.00125746
0.00193477
0.000298475
6.87627e-05
3.16636e-05
0.0064037
0.00425921
0.00145495
0.00179316
0.00199253
0.000135749
4.0897e-05
0.00600349
0.0031339
0.0047149
0.00619411
0.0113611
0.0104271
0.00327888
0.00247055
0.00170088
0.000444365
0.000470482
9.40566e-05
4.14892e-05
0.00153985
0.00160321
0.000469975
0.000138829
4.74021e-05
0.00564204
0.00146467
0.00353565
0.00681262
0.00389761
0.0016708
0.00235685
0.00341506
0.000349237
0.00139401
0.000258342
4.84329e-05
0.00176472
0.000883477
0.000170606
4.98478e-05
0.00208222
0.00149264
0.0037875
0.00303619
0.000375255
0.00041559
0.000144623
4.99277e-05
0.000324675
0.000163543
4.89152e-05
0.000317578
0.000890419
0.00112515
0.000513131
0.000238521
0.000124149
4.75478e-05
8.76666e-05
4.26024e-05
0.000115118
0.000144083
8.94693e-05
4.16694e-05
4.60803e-05
3.28049e-05
5.44653e-05
3.24771e-05
2.80336e-05
2.24159e-05
2.23084e-05
1.4412e-05
1.55038e-05
0.0212229
0.00110571
2.44845e-05
0.0197355
0.00661943
3.08071e-05
0.000207687
0.00453256
0.000627322
0.00507471
2.41814e-05
0.00418484
0.0045372
6.78606e-05
0.000164668
0.00181549
0.000271345
3.58551e-05
0.0105316
0.00688998
0.014237
0.00804806
0.00331108
0.00603649
4.75493e-05
0.000114264
0.00109906
0.000261115
0.00184345
3.5014e-05
0.00758213
0.00398656
0.00716408
0.00749613
0.00132371
9.78109e-05
0.000609657
4.50753e-05
0.0113633
0.00568705
0.0062485
0.00458
0.00542916
0.00495098
0.0041546
9.35874e-05
0.00027176
0.000444548
4.43926e-05
0.052081
0.00510971
0.00339041
0.00398822
0.00203286
0.000347074
0.00010121
5.05338e-05
0.00151459
0.00827532
0.00878637
0.00873017
0.0232426
0.00774869
0.00482839
0.00201133
0.00045608
0.000155214
0.00637663
4.91138e-05
0.0105427
0.0128393
0.00504257
0.00579312
0.000465197
0.000151826
0.00043609
5.05411e-05
0.00182901
0.00793312
0.00608063
0.0142479
0.0259473
0.0142012
0.00352547
0.000444442
0.000193749
0.00303678
0.000506513
5.03975e-05
0.0210267
0.00771806
0.0417569
0.00805451
0.00372603
0.000478952
0.000358743
4.90974e-05
0.00315138
0.000380431
0.00769004
0.00540957
0.0195248
0.00889576
0.00540284
0.0091956
0.0108478
0.00615291
0.00458337
0.00131359
0.000184601
0.000314352
4.74557e-05
0.276942
0.00526104
0.00597714
0.00923212
0.00600894
0.00484011
0.000110173
4.21346e-05
0.00405759
0.000257879
0.00768419
0.00487868
0.00819161
0.0287556
0.00828044
0.0117758
0.00774158
0.00550087
0.00507817
0.00597532
0.00821792
0.000434436
0.0048966
0.00136199
0.000105473
0.000243894
4.11715e-05
0.00643775
0.00536396
0.0158771
0.00626017
0.00972645
0.00392392
0.0224444
0.00160484
3.22043e-05
8.47092e-05
0.000301098
2.1812e-05
0.00890918
0.00853565
0.00531451
0.00841902
0.00640738
0.00532734
0.00509251
0.00748997
0.00769823
0.00182549
0.00273853
0.0057573
0.000276319
0.000563608
8.95277e-05
3.18535e-05
2.1669e-05
0.00779258
0.00691421
0.00546955
0.0119352
0.00633987
0.00446888
0.00380707
0.000581266
4.4505e-05
0.000110006
2.66745e-05
1.39806e-05
0.0100908
0.00703748
0.0075109
0.00943073
0.00548451
0.0220944
0.017829
0.00606083
0.0129546
0.0317325
0.00196074
0.00384837
0.000522858
0.000164838
5.11726e-05
2.66372e-05
1.39464e-05
0.0047432
0.0097388
0.00738462
0.0211057
0.00484861
0.00252174
0.000679985
0.00174673
0.000163735
4.85708e-05
2.15905e-05
0.00862771
0.00796925
0.00987315
0.0197743
0.0136981
0.00595221
0.00588293
0.00697983
0.0125875
0.00706753
0.00312
0.00135079
0.000269188
9.81846e-05
4.23124e-05
2.16315e-05
0.00616034
0.00604506
0.07116
0.00352859
0.0136443
0.000317964
0.00040461
7.72242e-05
3.14351e-05
0.00823007
0.00654919
0.00599592
0.00640005
0.00527177
0.0448945
0.00418093
0.006938
0.00428902
0.00261407
0.00158891
0.000315821
6.78797e-05
3.1444e-05
0.00459729
0.00422934
0.0389869
0.0950282
0.000548527
0.000137363
4.09851e-05
0.0104607
0.00486159
0.00923788
0.00893263
0.00622567
0.00531886
0.011785
0.002862
0.00159428
0.000794774
0.000889368
9.42661e-05
4.17539e-05
0.00152208
0.00146623
0.000770508
0.00012512
4.67181e-05
0.00432385
0.00189803
0.00308366
0.00550576
0.0051294
0.00151376
0.00200612
0.00146755
0.000379394
0.000562793
0.000190336
4.81947e-05
0.000660136
0.000456538
0.000185758
5.22359e-05
0.00153754
0.00136486
0.00455196
0.00343781
0.000503724
0.000386358
0.000453445
4.95643e-05
0.000303425
0.000134722
4.83543e-05
0.000270399
0.00106873
0.000886692
0.000260685
0.00045415
0.000137003
4.75252e-05
8.72242e-05
4.24665e-05
0.000114412
0.0001411
8.87749e-05
4.20587e-05
4.60662e-05
3.28034e-05
5.40366e-05
3.2442e-05
2.80242e-05
2.23656e-05
2.22565e-05
1.44082e-05
1.53829e-05
0.0038725
0.000909767
2.42622e-05
0.00592896
0.00631237
3.05842e-05
0.000197106
0.00287539
0.000502998
0.00387681
2.4011e-05
0.00303037
0.00345425
6.70781e-05
0.000159298
0.00180903
0.000269449
3.55694e-05
0.00932976
0.00639543
0.0156401
0.00579163
0.0160607
0.00327649
4.6959e-05
0.000111223
0.00670689
0.00022908
0.00670898
3.46998e-05
0.00397733
0.00303749
0.00593537
0.00158437
0.00145818
9.42105e-05
0.000706758
4.50536e-05
0.0126056
0.00610418
0.00849695
0.00580621
0.00649838
0.00170053
0.0015691
9.08723e-05
0.000268889
0.000596395
4.39031e-05
0.00994847
0.00669133
0.0261344
0.00148913
0.00380347
0.000347206
0.00010016
4.94077e-05
0.00220164
0.0080067
0.0098368
0.00730999
0.0174786
0.00925731
0.00467953
0.00147025
0.000449348
0.000123549
0.00173358
4.86421e-05
0.0114647
0.0115791
0.00607407
0.00709887
0.000390741
0.000123534
0.000458382
5.11338e-05
0.00137724
0.00643759
0.00936941
0.0113865
0.00636656
0.00701502
0.00706542
0.000620468
0.000117252
0.00174343
0.000611671
5.03238e-05
0.00889463
0.22722
0.0478881
0.00753378
0.00464345
0.000137784
0.000327436
4.81413e-05
0.00217376
0.000374627
0.00617585
0.00720573
0.0104148
0.0107849
0.00718201
0.00727082
0.00512325
0.0113126
0.00362048
0.00118203
0.000190085
0.000352927
4.7542e-05
0.0083047
0.0210379
0.00723563
0.00871053
0.00750022
0.049863
0.000107763
4.18909e-05
0.00286635
0.000299645
0.0073778
0.0106966
0.0059205
0.00421444
0.00708045
0.00745154
0.00785145
0.0112973
0.00661448
0.00745606
0.00779727
0.00043957
0.00382885
0.00844374
0.000103917
0.00030752
4.09485e-05
0.00641384
0.00458148
0.0127603
0.00623102
0.00786615
0.00641144
0.00358647
0.00154725
3.18726e-05
8.26754e-05
0.00028077
2.167e-05
0.00937558
0.00800282
0.0078469
0.0184211
0.00753295
0.0317996
0.00862757
0.00555591
0.00762721
0.00358665
0.00466355
0.00550591
0.000263325
0.000892894
8.74942e-05
3.15618e-05
2.15222e-05
0.00558309
0.0133684
0.0052177
0.0068053
0.00839905
0.0021834
0.00940471
0.000376577
4.41587e-05
0.000106853
2.65466e-05
1.39285e-05
0.00754383
0.00698454
0.00554288
0.00791138
0.00931368
0.00862534
0.00680254
0.00619098
0.00504345
0.00848516
0.00575782
0.00857258
0.000845626
0.000160512
5.03606e-05
2.64611e-05
1.38753e-05
0.00600496
0.0149398
0.00735164
0.00632631
0.0135288
0.00224885
0.000580475
0.00191026
0.000152179
4.8065e-05
2.14699e-05
0.0093199
0.00633829
0.017842
0.00706411
0.00649993
0.00739575
0.00560743
0.0613558
0.00320106
0.00351633
0.00154498
0.00150846
0.000334749
9.68025e-05
4.18844e-05
2.14472e-05
0.00840332
0.00764187
0.00464181
0.00466175
0.00207473
0.000328274
0.00166882
7.58574e-05
3.11458e-05
0.0261183
0.0114764
0.0209319
0.00753482
0.0139064
0.00555817
0.00524365
0.00467461
0.00529282
0.00160217
0.00343746
0.00113341
6.74115e-05
3.13587e-05
0.00857427
0.00486381
0.00227513
0.00122699
0.000460462
0.000114834
4.04291e-05
0.0120149
0.00281046
0.00459462
0.0526093
0.0806684
0.00434339
0.00691961
0.00425553
0.0019436
0.000547343
0.000663845
9.13293e-05
4.11494e-05
0.00133378
0.00159243
0.000454205
0.000435477
4.65057e-05
0.0236618
0.00225419
0.00340492
0.0116546
0.00406828
0.00138258
0.00325448
0.00408944
0.000835249
0.000472566
0.000245392
4.74654e-05
0.000349279
0.000523815
0.000175818
5.10512e-05
0.00496369
0.00120616
0.00364568
0.00111043
0.000433154
0.000388784
0.000193668
4.87807e-05
0.000460211
0.000189599
4.88003e-05
0.000340948
0.00114373
0.000839627
0.000365646
0.000283683
0.000122605
4.66688e-05
8.53204e-05
4.28565e-05
0.000112429
0.000139115
8.76507e-05
4.13542e-05
4.55902e-05
3.24803e-05
5.34252e-05
3.21932e-05
2.78149e-05
2.22581e-05
2.21777e-05
1.4326e-05
1.52831e-05
0.00550015
0.000621827
2.39598e-05
0.0120474
0.00558715
3.00723e-05
0.00018426
0.00308892
0.000536834
0.00325962
2.37576e-05
0.00292397
0.00376333
6.53008e-05
0.000152986
0.00197623
0.000341823
3.48736e-05
0.00601014
0.00624552
0.00925179
0.00500316
0.00298475
0.00404529
4.57856e-05
0.000107229
0.000862889
0.000255734
0.00141755
3.41501e-05
0.0087649
0.00394242
0.00309593
0.00297775
0.00146077
9.23817e-05
0.000570509
4.39575e-05
0.0045874
0.00522621
0.00835378
0.00724969
0.00822503
0.00149407
0.00350768
8.76523e-05
0.000264948
0.000377185
4.26562e-05
0.126344
0.0068234
0.00398737
0.00540044
0.00183696
0.000427207
9.4971e-05
4.93289e-05
0.00256135
0.0172019
0.00442366
0.00963107
0.00684889
0.00687715
0.00276789
0.0014392
0.000796424
0.000179358
0.00106951
4.84677e-05
0.0129442
0.00927937
0.00595707
0.00720362
0.000713386
0.000125296
0.000533231
4.96574e-05
0.00470247
0.00737659
0.0106736
0.00569262
0.00489088
0.00526906
0.00304142
0.000647079
0.00012652
0.00244068
0.000532069
4.90039e-05
0.00677181
0.0903829
0.00705101
0.0046394
0.00602303
0.000180217
0.000277589
4.7762e-05
0.00207953
0.000358178
0.00582935
0.00401098
0.00815122
0.0259437
0.00495278
0.0106746
0.0059415
0.00630823
0.00441654
0.00187982
0.000312602
0.000724299
4.6148e-05
0.00786618
0.00624379
0.0104047
0.00744563
0.00665335
0.0390756
0.000102746
4.09861e-05
0.00742453
0.000265659
0.0108448
0.004569
0.00351791
0.00576785
0.00663378
0.00723605
0.00686826
0.0158958
0.0091628
0.00670523
0.0051887
0.000443252
0.0152479
0.00241299
0.000100761
0.000383617
4.02577e-05
0.00490585
0.00816929
0.00948352
0.00715794
0.00429889
0.00384461
0.00653425
0.0018291
3.13975e-05
8.03294e-05
0.000347267
2.14592e-05
0.0149733
0.00626611
0.00962761
0.0063173
0.00459253
0.0123965
0.00806761
0.0206085
0.00620022
0.00159361
0.00509437
0.00732804
0.00047885
0.00105199
8.51472e-05
3.1095e-05
2.13355e-05
0.00468379
0.00639124
0.00969515
0.00713208
0.00525093
0.00201513
0.00569606
0.000784482
4.34094e-05
0.000102901
2.61522e-05
1.37969e-05
0.00922814
0.0645261
0.019796
0.0862888
0.0107103
0.00737443
0.00494344
0.0146704
0.00571165
0.00670686
0.00246172
0.00340837
0.0248696
0.000151307
4.94741e-05
2.61001e-05
1.37634e-05
0.00585033
0.00599097
0.00496937
0.00630914
0.0028565
0.00569591
0.000642512
0.00171986
0.000147124
4.71112e-05
2.12061e-05
0.0115542
0.00873999
0.00661575
0.0171566
0.00532958
0.00644481
0.00892407
0.00567926
0.00338306
0.00392492
0.0021517
0.00149047
0.000292345
9.3953e-05
4.10651e-05
2.12148e-05
0.00590842
0.00670353
0.0042281
0.00323622
0.00203396
0.000353593
0.000428947
7.36052e-05
3.06999e-05
0.00722962
0.00532882
0.0115264
0.0662809
0.00509721
0.00576198
0.00633808
0.00291349
0.012192
0.00214105
0.00476702
0.000579332
6.53998e-05
3.08626e-05
0.00385544
0.00375152
0.00349168
0.00139103
0.000469317
0.000115384
3.98816e-05
0.0104012
0.00612923
0.0040505
0.00975225
0.0092624
0.00361583
0.00278617
0.00194087
0.00494387
0.000279972
0.000397114
8.85917e-05
4.06352e-05
0.00254763
0.00178016
0.000359244
0.00011246
4.54034e-05
0.0121383
0.00188782
0.00897097
0.00423681
0.00914879
0.00182322
0.00186002
0.0015632
0.000407396
0.000706712
0.000156286
4.66033e-05
0.000468406
0.000397872
0.000131543
4.87996e-05
0.00240475
0.00617203
0.00291468
0.0075155
0.000336888
0.00038681
0.000177255
4.82314e-05
0.000227304
0.000116546
4.69491e-05
0.000246428
0.000750124
0.000719521
0.000313167
0.000258382
0.000108865
4.60612e-05
8.28373e-05
4.17006e-05
0.000109193
0.000134317
8.49031e-05
4.03814e-05
4.45579e-05
3.19818e-05
5.24773e-05
3.16792e-05
2.74203e-05
2.19577e-05
2.19029e-05
1.41986e-05
1.5059e-05
0.00371442
0.000712673
2.3563e-05
0.008606
0.00539804
2.9443e-05
0.000174764
0.00185938
0.000477192
0.00536015
2.32804e-05
0.00344449
0.00440468
6.28127e-05
0.000144742
0.00244657
0.000219704
3.39991e-05
0.00455995
0.00819966
0.00563051
0.00584807
0.00376054
0.01093
4.45957e-05
9.96924e-05
0.000871967
0.000194648
0.00219511
3.34402e-05
0.0048971
0.00296206
0.00381539
0.00154686
0.00140841
8.74871e-05
0.000455499
4.28906e-05
0.00929718
0.00566926
0.00686562
0.00667627
0.00764177
0.000984556
0.00175781
8.45148e-05
0.000267397
0.000755841
4.17513e-05
0.00807482
0.230633
0.00318373
0.00129961
0.00240163
0.000400925
9.15523e-05
4.80722e-05
0.00129391
0.0344222
0.00560047
0.0066263
0.00664063
0.00552775
0.00599814
0.00380446
0.000474401
0.000107718
0.00181862
4.58572e-05
0.00938513
0.0195036
0.00652618
0.0115634
0.000582134
0.000146615
0.000389256
4.91175e-05
0.00136372
0.00546634
0.00612337
0.00492222
0.0134032
0.0249737
0.0117519
0.000309523
9.64826e-05
0.00543536
0.000367005
4.78597e-05
0.00707285
0.00658473
0.0521703
0.00455557
0.0178155
0.000123665
0.00064344
4.5968e-05
0.00298813
0.000335702
0.0102141
0.00478342
0.0098102
0.00650244
0.0125265
0.0508128
0.00624686
0.00919361
0.00742071
0.000960256
0.000119936
0.000249685
4.47989e-05
0.00973827
0.0138851
0.0151208
0.0118974
0.0100539
0.00643041
9.88536e-05
3.99766e-05
0.00446659
0.000273026
0.00514189
0.00506623
0.00683223
0.0135807
0.00421475
0.00907527
0.00986733
0.00476107
0.00477177
0.0131131
0.0298877
0.00069783
0.00391752
0.00195845
9.52435e-05
0.000242083
3.92527e-05
0.00441059
0.0139699
0.00674812
0.00376887
0.0155318
0.00264158
0.00808757
0.000924013
3.08027e-05
7.71797e-05
0.000489014
2.10628e-05
0.0150187
0.00629658
0.00433256
0.00598644
0.00442944
0.00991749
0.00684218
0.0115221
0.0162443
0.000783951
0.00616058
0.00769042
0.00022251
0.000776178
8.17233e-05
3.04735e-05
2.09601e-05
0.00505912
0.00590377
0.00592535
0.0058615
0.0113024
0.00297072
0.00299341
0.000455132
4.21609e-05
9.70258e-05
2.57265e-05
1.36296e-05
0.00803379
0.00575939
0.00497487
0.00532945
0.0071184
0.0954579
0.00435095
0.00541397
0.00718278
0.00463949
0.00275038
0.0629749
0.000465419
0.000141157
4.79197e-05
2.56607e-05
1.35865e-05
0.00767104
0.00744417
0.0158223
0.00573547
0.00551151
0.00129105
0.000535077
0.0127148
0.000141298
4.58454e-05
2.08833e-05
0.00554025
0.00532623
0.00597993
0.0106389
0.00857056
0.0208124
0.0443192
0.00479911
0.00397882
0.0035885
0.00153579
0.00122219
0.000292622
8.87651e-05
4.01146e-05
2.08721e-05
0.0115693
0.00569611
0.00291479
0.00364467
0.00172605
0.000248353
0.000386595
7.11019e-05
3.00878e-05
0.00756903
0.004351
0.00580965
0.0118025
0.00531601
0.00492433
0.00413061
0.00246605
0.0257572
0.00348551
0.00131566
0.000287892
6.35022e-05
3.02635e-05
0.00468182
0.0331328
0.00270874
0.00136105
0.0115212
0.000113826
3.87442e-05
0.0124354
0.00509855
0.00424918
0.0055137
0.00582005
0.00344257
0.00355095
0.0015777
0.00110784
0.000307758
0.000333659
8.58459e-05
3.93069e-05
0.00237671
0.00175959
0.000456087
0.000102279
4.41275e-05
0.00296672
0.00252023
0.0138481
0.0040639
0.00257849
0.00130207
0.00123253
0.00154785
0.000354464
0.000568315
0.000141847
4.51241e-05
0.000414934
0.000411509
0.000115422
4.60701e-05
0.00111776
0.00139263
0.00281995
0.00290669
0.000311109
0.000372195
0.00129402
4.67573e-05
0.000250325
0.000105548
4.56384e-05
0.000232954
0.000520749
0.000416974
0.000246696
0.000203955
0.000102413
4.45623e-05
7.898e-05
4.03988e-05
0.00010146
0.000125495
8.06703e-05
3.95459e-05
4.33864e-05
3.13547e-05
5.07017e-05
3.10944e-05
2.69003e-05
2.16128e-05
2.15382e-05
1.40258e-05
1.47841e-05
0.00293398
0.000591931
2.29615e-05
0.00271923
0.00272816
2.86674e-05
0.000161969
0.00182045
0.00038711
0.00315788
2.26928e-05
0.00949091
0.00352868
5.9342e-05
0.000128204
0.0077268
0.000191815
3.31191e-05
0.00328618
0.00470292
0.00869314
0.00678712
0.0017856
0.00151434
4.26743e-05
9.23369e-05
0.000667308
0.000172771
0.00122615
3.24148e-05
0.012687
0.00224731
0.00255781
0.000870475
0.0238895
8.25297e-05
0.0001826
4.13091e-05
0.00400675
0.00358825
0.00429853
0.00375616
0.0024904
0.000825511
0.00263207
7.92001e-05
0.000196369
0.000289306
4.00331e-05
0.00420669
0.00746303
0.0023489
0.000786351
0.00165177
0.000683728
8.46377e-05
4.5973e-05
0.000818792
0.00366693
0.00405242
0.0057667
0.00257435
0.00329482
0.00183864
0.00188385
0.000291392
0.000100236
0.00130177
4.45453e-05
0.00386177
0.00483357
0.00333395
0.00273976
0.000292688
0.0001089
0.000336306
4.58649e-05
0.00153974
0.00609616
0.0044659
0.0147677
0.00676638
0.0137841
0.00199909
0.000265146
9.04348e-05
0.00149228
0.000339183
4.53556e-05
0.00839523
0.0410172
0.00615794
0.00781078
0.00188565
0.000123959
0.000226677
4.43961e-05
0.0016489
0.000302793
0.00676821
0.00230206
0.00599526
0.00382493
0.00592839
0.0032752
0.00401388
0.00350759
0.0031963
0.00151209
0.00010845
0.000798146
4.31378e-05
0.00327645
0.00628206
0.00474874
0.00885618
0.00376767
0.00200664
9.22749e-05
3.88018e-05
0.000671631
0.000247885
0.00838034
0.00573855
0.0484822
0.00388648
0.00572046
0.032701
0.00926472
0.00488918
0.00353965
0.00477963
0.00920676
0.000880938
0.00203461
0.000760816
9.01795e-05
0.000191247
3.79773e-05
0.0046997
0.00603935
0.00377986
0.00296524
0.0037482
0.00331847
0.00220882
0.000919183
3.00375e-05
7.34069e-05
0.000268157
2.06348e-05
0.00320345
0.00908076
0.0047241
0.00526839
0.00350624
0.00482144
0.00330989
0.00393068
0.0185846
0.00210592
0.00238868
0.00202545
0.00019556
0.000380914
7.67971e-05
2.96778e-05
2.0526e-05
0.00491856
0.00741666
0.00279354
0.00352689
0.00239305
0.00328852
0.00233706
0.000527433
4.08314e-05
9.19175e-05
2.50606e-05
1.34259e-05
0.00474361
0.00453789
0.00340592
0.00532697
0.00868072
0.00431601
0.00691516
0.00583033
0.00404781
0.00900581
0.00104087
0.00311771
0.00038206
0.000129205
4.61711e-05
2.49927e-05
1.336e-05
0.00568889
0.00392202
0.00310574
0.00529457
0.00261678
0.000842013
0.000628043
0.00101384
0.000125811
4.41615e-05
2.04793e-05
0.0113607
0.00326318
0.00991127
0.00728913
0.00415114
0.00456918
0.0041478
0.00352086
0.00490244
0.00240749
0.00217202
0.000875405
0.000293998
8.33533e-05
3.88191e-05
2.04265e-05
0.00276864
0.00844042
0.00214341
0.0026254
0.000861861
0.00021938
0.000289891
6.75557e-05
2.93074e-05
0.00300365
0.00444266
0.0046923
0.00425649
0.00399683
0.0106172
0.00469595
0.00182715
0.00610604
0.000613816
0.000877825
0.000206712
6.06708e-05
2.9499e-05
0.00420402
0.00264963
0.00135395
0.00173458
0.000236292
9.77907e-05
3.74667e-05
0.0042135
0.00242854
0.00440862
0.00261595
0.00539708
0.00273366
0.00305096
0.0009195
0.00114076
0.000304916
0.000309275
7.96453e-05
3.82173e-05
0.000776236
0.0016934
0.000264238
9.39312e-05
4.27277e-05
0.00246282
0.00113208
0.0019016
0.00409745
0.00364443
0.00139459
0.000751571
0.000889216
0.000342788
0.000328802
0.000119035
4.38646e-05
0.000299266
0.00032403
0.000143737
4.42687e-05
0.0011572
0.00100449
0.000970695
0.000629048
0.000319516
0.000317348
0.000198586
4.509e-05
0.000249393
9.80356e-05
4.36044e-05
0.000343637
0.000304806
0.000318473
0.00019268
0.000168155
9.41119e-05
4.30498e-05
7.51335e-05
3.88364e-05
9.48452e-05
0.00011577
7.61867e-05
3.82575e-05
4.19033e-05
3.05268e-05
4.87208e-05
3.01782e-05
2.62237e-05
2.11685e-05
2.10886e-05
1.38009e-05
