1.28591e-05
0.000832671
9.98496e-05
1.43871e-05
0.00152827
0.00151626
2.61529e-05
3.87541e-05
0.000647716
0.000106273
0.000941389
5.91753e-05
0.00120272
0.00129639
6.61949e-05
7.88027e-05
0.000584739
5.46612e-05
2.17435e-05
0.00178718
0.00135006
0.010986
0.00150403
0.00209165
0.00101196
5.35875e-05
5.10132e-05
0.000274949
6.27239e-05
0.000244293
2.14952e-05
0.00172436
0.000719337
0.000822488
0.000354243
0.000252654
3.73476e-05
0.000105988
9.51269e-05
0.00234551
0.00698031
0.00111001
0.00209968
0.000887336
0.000293381
0.00031654
0.000114097
5.25881e-05
5.38445e-05
7.98434e-05
0.00225103
0.00116909
0.00186081
0.000192298
0.000607064
0.000243988
9.39399e-05
2.35952e-05
0.000616016
0.00190941
0.00137989
0.00214346
0.00175672
0.00247903
0.000922327
0.000233149
8.47481e-05
8.17496e-05
0.000390442
8.58071e-05
0.00137041
0.00528424
0.00353947
0.00365579
9.68175e-05
7.28131e-05
6.76901e-05
8.12774e-05
0.000313029
0.00279322
0.00262157
0.00244068
0.0031411
0.0025639
0.00105647
0.000147868
6.46052e-05
0.000359261
5.93409e-05
3.89961e-05
0.00179342
0.0100141
0.00124132
0.00190216
0.001054
6.93546e-05
6.48169e-05
3.69846e-05
0.000354994
7.7374e-05
0.00293524
0.00153741
0.00174312
0.00161476
0.00172339
0.00583481
0.00240554
0.0016351
0.000690054
0.000269074
0.000173632
5.38624e-05
4.32556e-05
0.00151214
0.00118247
0.00146442
0.00250491
0.00129943
0.000811885
9.28117e-05
3.01676e-05
0.000233354
5.21244e-05
0.00191253
0.00136004
0.00147349
0.0043602
0.00181604
0.00323517
0.00438218
0.00156114
0.00510793
0.00150911
0.00115084
5.28053e-05
0.000803297
0.000446834
6.69604e-05
0.000114349
5.208e-05
0.00128394
0.0021453
0.0019307
0.00230627
0.00163824
0.00473712
0.00112852
0.000177786
0.000154643
5.40533e-05
5.73229e-05
1.76047e-05
0.00176455
0.00133401
0.00378904
0.00306402
0.00224115
0.00310495
0.00171737
0.00236291
0.0184948
0.000240242
0.000914333
0.00118365
5.35373e-05
0.000131751
4.20201e-05
3.65639e-05
1.73158e-05
0.00350875
0.00230833
0.00167598
0.00156007
0.00135468
0.000668534
0.000802495
9.99232e-05
2.6858e-05
5.41069e-05
2.89827e-05
1.33483e-05
0.00324479
0.00362304
0.00162532
0.00255362
0.00273988
0.00205634
0.00162595
0.00868033
0.0111458
0.00272837
0.000389751
0.000748194
8.99973e-05
6.64778e-05
3.77394e-05
2.27279e-05
9.81634e-06
0.00210086
0.00212363
0.00122557
0.00150779
0.000777193
0.000215133
0.000186696
0.000255805
0.000108358
2.98051e-05
4.80184e-05
0.00171774
0.00680559
0.00248106
0.00477362
0.00318939
0.00250176
0.00180652
0.00238453
0.00256981
0.000965871
0.000262815
0.000307771
5.95492e-05
4.33318e-05
3.84798e-05
1.55565e-05
0.0017114
0.00108564
0.00133939
0.00106884
0.000473601
7.03866e-05
6.46278e-05
3.27289e-05
2.34116e-05
0.00187207
0.00120464
0.0012237
0.00209343
0.00118285
0.00303254
0.00371758
0.000810559
0.00144961
0.000255887
0.000821679
0.000106282
0.000126685
4.93212e-05
0.00078726
0.000831976
0.00028136
0.000238741
7.95805e-05
6.56669e-05
2.22268e-05
0.00116565
0.000860224
0.0012075
0.00105455
0.00184754
0.00121968
0.00106187
0.00078941
0.000412475
6.2038e-05
0.000268004
4.63792e-05
2.35305e-05
0.000252653
0.000420874
7.56194e-05
4.99663e-05
3.76975e-05
0.000806181
0.00269439
0.000722516
0.00192741
0.00116116
0.000234808
0.000899164
0.000905158
0.000129701
0.000702178
6.82843e-05
3.46996e-05
9.20692e-05
0.000100334
6.25365e-05
6.35642e-05
0.000626934
0.000175993
0.00033716
0.00044581
6.66955e-05
6.00473e-05
0.000258077
5.16385e-05
6.02884e-05
5.4198e-05
2.98885e-05
6.44777e-05
0.000100494
0.000131735
5.00584e-05
7.53626e-05
5.74393e-05
6.60868e-05
5.33707e-05
2.74835e-05
5.31569e-05
5.12934e-05
4.57041e-05
2.73547e-05
4.59162e-05
4.83739e-05
0.000119055
2.32121e-05
2.11251e-05
1.4922e-05
2.4031e-05
1.11784e-05
2.41585e-05
0.00502321
0.00940652
3.04592e-05
0.00323223
0.0022717
3.72647e-05
4.27182e-05
0.00144496
0.000270325
0.00157829
2.22942e-05
0.00432995
0.0012665
7.447e-05
0.000273065
0.0142791
8.4293e-05
2.79106e-05
0.00228906
0.00239947
0.0120216
0.00451285
0.00261178
0.00125452
4.16311e-05
4.61771e-05
0.00049602
7.52029e-05
0.00049917
3.69642e-05
0.00381785
0.00102448
0.00100659
0.000790397
0.00116143
5.85987e-05
7.7286e-05
0.000232531
0.00775333
0.00292979
0.00387889
0.00199722
0.00156637
0.000429627
0.000557082
0.000127228
7.07876e-05
9.16356e-05
7.67785e-05
0.00219202
0.00313382
0.00107564
0.000494284
0.000377972
0.000139638
0.000100659
3.57131e-05
0.000466595
0.0035145
0.00535788
0.00232441
0.00244992
0.00194339
0.00648215
0.000476185
0.000150261
0.00018687
0.000558107
5.1126e-05
0.00691076
0.00435165
0.00211352
0.00167461
0.000149776
0.000232379
8.95908e-05
0.000187468
0.000986151
0.00373946
0.00509024
0.00761871
0.00312724
0.00215346
0.00215475
8.22608e-05
9.72385e-05
0.000738557
0.00015737
0.000181793
0.0198587
0.00667492
0.00412168
0.00262007
0.00134999
0.0001253
7.86749e-05
4.21302e-05
0.000425224
0.000299681
0.0111318
0.00256403
0.00405069
0.00205685
0.00282153
0.00277672
0.00641563
0.00207386
0.00136121
0.000903425
0.000151589
0.000157667
9.25228e-05
0.00224625
0.00370742
0.0199078
0.0039532
0.00234227
0.00101604
0.000116688
6.67819e-05
0.000407043
9.48349e-05
0.018791
0.00177358
0.00405246
0.00749707
0.00583404
0.00220798
0.00263333
0.00377944
0.00444153
0.00767923
0.00200772
0.000105011
0.00164792
0.000516886
0.000100634
0.000124718
5.12174e-05
0.00245378
0.00341164
0.00308551
0.00257058
0.00292486
0.00279666
0.00156372
0.000314218
4.01354e-05
6.77311e-05
7.81254e-05
2.75531e-05
0.00206474
0.00247439
0.00440306
0.0131107
0.00421565
0.00311943
0.0108254
0.00160505
0.00555995
0.000599971
0.00109917
0.00239515
0.000218698
0.000236354
0.000109115
6.3742e-05
4.45586e-05
0.00553683
0.00237103
0.00278727
0.00202166
0.00311219
0.00142061
0.00102826
0.000166545
0.00113245
5.41291e-05
2.99165e-05
1.18338e-05
0.0023904
0.0118395
0.00272042
0.00288258
0.00418265
0.00334919
0.012528
0.00560486
0.00337702
0.00335861
0.00103494
0.00100774
0.000158528
0.000105322
8.99623e-05
7.41348e-05
1.48587e-05
0.00397505
0.00698782
0.00308536
0.00304222
0.00547597
0.000216234
0.000262202
0.000407371
5.99074e-05
8.28869e-05
2.67237e-05
0.00278507
0.00309805
0.0030999
0.00336415
0.0020333
0.00443483
0.00571981
0.00278862
0.00179117
0.00385908
0.00025088
0.000400649
0.000549295
6.06641e-05
4.21817e-05
2.70061e-05
0.00328383
0.0030044
0.0015421
0.00126429
0.000567745
0.000969539
9.1797e-05
8.06377e-05
4.07248e-05
0.00472163
0.00240338
0.00347216
0.00222393
0.00323775
0.00195323
0.00200508
0.0013924
0.0167786
0.000519545
0.000886595
0.000168428
6.64431e-05
0.000119149
0.00106047
0.00339167
0.000329267
0.000594922
0.000145656
0.000125612
4.97226e-05
0.00220134
0.00160709
0.00728497
0.0027257
0.00150256
0.00126152
0.00204381
0.000390763
0.00124993
0.000124862
9.95124e-05
0.000284523
3.02877e-05
0.00136532
0.000855872
0.00034865
0.000515587
5.1887e-05
0.0013
0.000335176
0.00243446
0.00150994
0.00350242
0.000582659
0.000441112
0.000503804
0.000111985
0.000122169
0.000464889
4.35747e-05
9.1895e-05
0.000177026
0.000248444
7.98204e-05
0.000393008
0.00080858
0.000757124
0.000398149
0.000109773
6.94766e-05
8.64357e-05
4.05878e-05
0.000425973
8.25956e-05
4.7309e-05
0.000155622
0.000126204
0.000257597
5.33561e-05
6.88701e-05
7.46757e-05
0.00010217
7.90389e-05
3.27554e-05
0.000185473
6.47859e-05
5.50295e-05
3.53729e-05
5.86656e-05
2.27766e-05
5.52401e-05
2.62348e-05
4.23919e-05
2.49795e-05
2.07289e-05
2.57562e-05
1.63574e-05
0.00139818
0.00017289
2.36436e-05
0.00157146
0.00499076
6.02622e-05
0.000158292
0.00075041
0.000190136
0.00104871
2.30024e-05
0.00145719
0.00111974
7.1414e-05
5.30268e-05
0.000544472
0.000103785
6.97111e-05
0.00260442
0.00285751
0.00218174
0.00189851
0.00175208
0.00235327
3.60326e-05
4.77416e-05
0.0026972
7.69498e-05
0.0020942
0.000151179
0.00224203
0.00209139
0.00241116
0.000423294
0.000592195
6.50993e-05
9.05419e-05
3.96552e-05
0.00335115
0.002649
0.00294616
0.00298526
0.00234667
0.000600745
0.000446846
5.47946e-05
6.65865e-05
8.06786e-05
4.06595e-05
0.00333571
0.0027909
0.00322811
0.00245934
0.000330746
0.000108045
8.84324e-05
7.1121e-05
0.00118717
0.00335416
0.00583294
0.00772095
0.00306396
0.00577554
0.00152281
0.000721951
0.00012335
7.66859e-05
0.000536335
8.32691e-05
0.00415535
0.00359652
0.00211692
0.00317238
0.000137267
7.08521e-05
0.000143616
4.17763e-05
0.00467778
0.002985
0.00242761
0.0112146
0.00438582
0.00183635
0.00375123
0.00014385
0.000106135
0.000668127
9.17211e-05
3.52792e-05
0.00469467
0.00219305
0.0026792
0.00688866
0.00131702
0.000206055
0.000299215
9.00017e-05
0.00042176
0.000112036
0.0030481
0.00227365
0.0028986
0.00370524
0.00216019
0.00238079
0.00305403
0.00184021
0.00142079
0.000662489
9.22317e-05
0.000131602
4.68623e-05
0.00683096
0.00227009
0.00277389
0.00337739
0.00238725
0.00147407
0.000109621
4.41297e-05
0.000827523
6.93144e-05
0.00359503
0.00153989
0.00196759
0.00230268
0.00198678
0.00764786
0.00226902
0.00302936
0.00779808
0.00366433
0.00335915
0.00051343
0.0017036
0.000740769
8.92507e-05
6.57537e-05
3.79568e-05
0.00227956
0.00389625
0.0162028
0.00203456
0.00318165
0.000879149
0.0117718
0.000373284
3.47592e-05
8.78671e-05
8.14538e-05
3.65495e-05
0.00364628
0.00351349
0.00183167
0.00373918
0.0024297
0.0123035
0.00749765
0.00208021
0.0112521
0.000349339
0.00119904
0.00123311
8.6433e-05
0.000198871
0.000105749
0.000109217
2.66225e-05
0.00537875
0.00580348
0.00464192
0.00273945
0.00390314
0.00145212
0.00230512
0.000112189
0.000122762
0.000324784
2.62255e-05
1.3791e-05
0.00275043
0.00283124
0.00594587
0.00356734
0.00248537
0.0432565
0.00260919
0.0148436
0.00232194
0.00458841
0.000552426
0.000771378
0.000180737
8.49616e-05
7.09946e-05
5.50734e-05
4.58775e-05
0.00292587
0.0144973
0.00267493
0.00196305
0.00190185
0.000221404
0.000167135
0.000340343
0.000200104
5.5831e-05
2.38725e-05
0.00423153
0.00323411
0.00305868
0.00354089
0.00236704
0.0103577
0.00201106
0.00775324
0.00146461
0.00157152
0.00041366
0.000481418
6.76121e-05
5.65391e-05
3.45395e-05
2.37749e-05
0.00240532
0.00279562
0.0013027
0.00153893
0.00227644
0.000389251
0.000133538
8.16762e-05
3.76332e-05
0.0047832
0.00198763
0.0022833
0.00239403
0.00226576
0.0316635
0.00193662
0.00131845
0.00366261
0.000616708
0.000435577
0.000113279
0.000102085
2.76958e-05
0.00673552
0.00228815
0.000786979
0.000425451
7.51542e-05
0.000134068
4.39229e-05
0.00229088
0.0014221
0.00200727
0.00211818
0.00167211
0.00185483
0.00178951
0.000636383
0.000538853
0.000106997
0.000323597
0.000102735
7.24473e-05
0.000601396
0.000597502
0.00017486
8.30858e-05
4.18355e-05
0.00616092
0.00102573
0.00196145
0.00162022
0.00143565
0.000392379
0.000343803
0.000421257
0.000267453
0.000248014
0.000108157
5.32242e-05
0.00012075
0.000166635
6.7491e-05
5.9598e-05
0.000399753
0.000321371
0.0244213
0.000832151
0.000138095
8.47047e-05
0.000200918
5.31786e-05
0.000383519
0.000105016
3.36758e-05
0.000140379
0.000158087
0.000239366
5.87538e-05
5.4901e-05
0.000114406
0.000193576
0.000132945
5.54323e-05
5.50945e-05
0.000126792
6.17748e-05
4.0941e-05
6.12346e-05
3.5453e-05
0.000116086
3.60468e-05
3.73762e-05
2.54222e-05
1.97238e-05
1.22555e-05
1.23712e-05
0.00995772
0.000141034
2.66225e-05
0.00393487
0.00348256
7.40654e-05
4.71422e-05
0.000696347
0.000177069
0.00267009
2.12116e-05
0.00104168
0.00147338
6.72975e-05
5.21184e-05
0.000387348
5.59511e-05
6.24052e-05
0.0130702
0.00382755
0.00462265
0.00569287
0.00147381
0.00158944
0.000114194
8.91727e-05
0.000490968
6.68317e-05
0.000406658
2.97157e-05
0.00189712
0.0088717
0.00457862
0.000443796
0.000345455
6.50643e-05
0.000134496
5.36962e-05
0.00286247
0.0119568
0.00265481
0.00518132
0.000905824
0.000367047
0.00070801
8.2227e-05
0.000144906
0.000107337
3.78106e-05
0.0021232
0.00242177
0.0018049
0.00109115
0.000681966
0.000142987
9.30324e-05
5.8787e-05
0.000689442
0.00192475
0.00183614
0.00233799
0.00592519
0.00314838
0.00142831
0.000485294
0.000103189
6.79377e-05
0.000427513
4.78768e-05
0.00382086
0.00237187
0.00459053
0.00116369
0.000123466
0.000105836
0.000147537
3.85364e-05
0.000494963
0.00185504
0.00567704
0.00343433
0.00217883
0.00194362
0.00133692
0.000136469
0.000114015
0.00059623
0.000181776
5.3392e-05
0.00320673
0.00379345
0.00809515
0.00305225
0.00123893
0.00182378
0.000201159
5.13257e-05
0.000770329
8.65819e-05
0.00424786
0.00926385
0.0107532
0.00459913
0.00215234
0.00275719
0.00275703
0.00477063
0.00115234
0.000527629
7.46908e-05
8.73851e-05
0.000137435
0.00586283
0.00155686
0.0034171
0.00237365
0.0021434
0.00262302
0.000108184
0.000106511
0.000409581
0.000330281
0.00295633
0.00223432
0.0165948
0.00647611
0.0127976
0.00444391
0.00250074
0.0024649
0.00240583
0.00237751
0.00704277
0.000146308
0.00223271
0.000674151
7.88985e-05
0.000129997
4.6866e-05
0.00571769
0.00335446
0.00343924
0.00202397
0.065584
0.00115572
0.00151789
0.00022661
4.06689e-05
0.000172499
0.000427815
1.81271e-05
0.00260899
0.00282842
0.00403174
0.00166001
0.00284799
0.00321673
0.0124299
0.0021809
0.00225552
0.000836271
0.00146296
0.00193446
8.22336e-05
0.00014399
7.19366e-05
4.56791e-05
2.71417e-05
0.00297281
0.0023423
0.0022009
0.00298271
0.00264759
0.000560865
0.000921012
0.000135315
9.34313e-05
0.000432829
3.25073e-05
1.26552e-05
0.00226914
0.00302566
0.00369766
0.0110039
0.0146124
0.00435864
0.00361231
0.00433432
0.00161449
0.0023599
0.000839313
0.00186097
9.77173e-05
9.24219e-05
5.36847e-05
0.000100354
1.29695e-05
0.00483288
0.00339341
0.00320719
0.00949914
0.00158528
0.000354568
0.000129413
0.000544301
9.40649e-05
5.94858e-05
2.6176e-05
0.00331988
0.00235905
0.00502316
0.00231136
0.004016
0.00622944
0.00211112
0.0184675
0.00111613
0.00145581
0.000376646
0.000418175
0.000124114
5.6835e-05
4.91333e-05
0.000194169
0.00287121
0.00207123
0.00535095
0.00126267
0.00070617
0.00017616
0.000114121
0.000255862
3.28878e-05
0.0034172
0.00196298
0.00770872
0.00332488
0.00255193
0.00388327
0.00313694
0.00220891
0.00086324
0.000610187
0.000532473
0.000123716
7.1053e-05
9.31267e-05
0.00214036
0.00171809
0.000285831
0.000641519
0.000137538
8.86474e-05
6.99338e-05
0.00335689
0.000982566
0.00266164
0.00210569
0.00150951
0.00148946
0.00153488
0.000367712
0.00044468
0.000146908
0.000180896
9.54409e-05
2.85055e-05
0.000557621
0.000289638
0.000239761
6.40453e-05
0.000181797
0.00129562
0.00254597
0.0125051
0.00225042
0.0011532
0.000432029
0.000355053
0.000317572
0.00012714
0.000118913
0.00023804
4.24173e-05
0.000178172
8.19534e-05
0.000183748
7.50921e-05
0.000605484
0.000214624
0.00049072
0.000305445
0.000164431
0.000100648
0.000139043
0.000113251
0.000170627
0.000126658
4.10905e-05
8.1621e-05
0.000154687
0.000138659
6.42711e-05
9.73316e-05
8.1172e-05
4.00751e-05
0.000144702
6.41685e-05
7.76937e-05
0.000107153
0.000103186
4.30112e-05
3.64073e-05
0.000138817
5.53942e-05
6.06925e-05
4.25225e-05
3.15223e-05
2.21552e-05
1.3572e-05
2.02661e-05
0.00154599
0.00018525
1.86374e-05
0.00254613
0.00304249
3.049e-05
0.000153161
0.000751203
0.000164138
0.00104673
0.000101744
0.00137816
0.00129294
8.95302e-05
9.96816e-05
0.000339245
0.000229277
8.83549e-05
0.00817542
0.0176404
0.00236794
0.00200787
0.0011368
0.00168316
4.23667e-05
8.94939e-05
0.000321682
6.07706e-05
0.00039682
3.20283e-05
0.00155806
0.0013104
0.00107896
0.00130575
0.0015072
7.11504e-05
0.000141902
3.24841e-05
0.00474958
0.00346583
0.00577517
0.00595256
0.00229283
0.000388247
0.000858002
6.04491e-05
0.000101451
7.53349e-05
5.47021e-05
0.00190149
0.00345625
0.0052972
0.00059819
0.000569766
0.000145972
9.20245e-05
3.17629e-05
0.000716904
0.0124945
0.00250481
0.003503
0.00194358
0.0023169
0.00101303
0.000313799
0.000150056
7.27438e-05
0.000281009
4.48861e-05
0.0030091
0.00221103
0.0067849
0.0022665
0.000238606
0.000781762
9.85019e-05
5.86706e-05
0.000610298
0.00235524
0.00220089
0.00387919
0.00528133
0.00443873
0.00209931
0.000423126
9.51519e-05
0.000503969
0.000528926
5.4842e-05
0.00198976
0.00552515
0.00363903
0.0016317
0.00126581
0.0001645
8.24462e-05
5.34804e-05
0.000656117
8.81847e-05
0.00468904
0.00305848
0.00279203
0.00207355
0.00430293
0.0040902
0.00221188
0.00416857
0.00127798
0.000724666
8.49913e-05
7.03718e-05
5.35532e-05
0.00197372
0.00198927
0.00333004
0.00439224
0.0370784
0.00123062
8.68315e-05
4.04533e-05
0.000392127
7.76344e-05
0.0035627
0.00253346
0.00319319
0.00372357
0.0021858
0.00309943
0.00360252
0.00259358
0.00328316
0.00172823
0.00370828
9.30199e-05
0.0010884
0.000273163
8.81203e-05
0.000121548
3.51931e-05
0.00185583
0.00401535
0.00278538
0.00128092
0.00331741
0.00115663
0.00155652
0.00021809
4.12924e-05
0.000113697
0.000652664
0.000522041
0.0051606
0.00198232
0.00724203
0.00297207
0.0023464
0.00291537
0.0142283
0.00197593
0.00678257
0.00047352
0.00161185
0.00129281
9.31144e-05
0.000177808
8.94644e-05
4.3284e-05
2.89719e-05
0.0023447
0.00271738
0.00148499
0.00220367
0.00304538
0.000564646
0.00103237
0.000117972
7.24434e-05
7.17825e-05
4.69358e-05
1.4278e-05
0.00464752
0.00234385
0.00244721
0.00189989
0.00239185
0.00274068
0.00300146
0.0021669
0.00243349
0.00337676
0.00102689
0.00151912
0.000220394
0.000101545
8.37205e-05
2.79619e-05
1.05566e-05
0.00776219
0.00176901
0.00638001
0.00261958
0.00105805
0.00182424
0.000100969
0.000378448
7.93947e-05
7.58668e-05
1.86113e-05
0.00369852
0.00362786
0.00230246
0.0035958
0.00299047
0.00301179
0.00226622
0.00225834
0.00212511
0.00161644
0.000212555
0.000691725
9.80944e-05
5.56318e-05
4.24087e-05
2.58044e-05
0.003637
0.00314219
0.0011908
0.00127432
0.000366386
0.000213422
9.56776e-05
6.88307e-05
3.08676e-05
0.00307657
0.00191566
0.00273045
0.00402208
0.00605566
0.00244283
0.001885
0.00103273
0.00147767
0.000894858
0.000319459
8.20094e-05
5.43696e-05
8.39118e-05
0.00313899
0.002576
0.00055783
0.00027551
0.000436332
7.18354e-05
6.24142e-05
0.00218951
0.000947094
0.0122527
0.00440729
0.0011981
0.00186345
0.00178106
0.00100978
0.000510399
0.000116361
8.93192e-05
8.18819e-05
4.63921e-05
0.00109938
0.000578784
0.000953712
7.87039e-05
6.06595e-05
0.00246524
0.000354735
0.000856944
0.00360959
0.000606313
0.000485492
0.000315613
0.000402613
0.000100272
0.000111428
0.000101495
5.42022e-05
0.000556471
0.00010749
8.37133e-05
5.08966e-05
0.000545833
0.000271933
0.000640799
0.000815505
0.000608605
0.000111584
9.12331e-05
6.86901e-05
0.000125863
0.000106068
3.60936e-05
0.000120553
0.00112545
0.000124473
5.12684e-05
0.000110172
9.29401e-05
4.36102e-05
0.000153433
4.749e-05
0.000100603
5.32748e-05
4.86577e-05
3.06688e-05
0.000354507
2.93082e-05
5.58383e-05
4.6126e-05
3.1488e-05
4.17973e-05
3.61865e-05
1.20384e-05
1.85954e-05
0.00272448
0.00021667
0.000447662
0.00400683
0.00172601
3.2573e-05
6.32186e-05
0.000782159
0.000149214
0.000978905
1.9451e-05
0.00215205
0.00166593
5.99617e-05
6.31654e-05
0.000303124
7.16477e-05
6.01294e-05
0.00247855
0.00181087
0.00280214
0.00131928
0.00142168
0.00113106
4.69457e-05
8.23187e-05
0.00048426
7.41557e-05
0.00133709
0.000208266
0.0232724
0.00296875
0.000901716
0.000722022
0.000504287
0.000190756
7.63219e-05
4.3354e-05
0.00221635
0.00219439
0.00244715
0.00227359
0.00163111
0.000596051
0.00118666
7.21657e-05
8.6179e-05
9.34808e-05
3.90175e-05
0.00220994
0.00656165
0.00333704
0.000549551
0.000738879
0.000165191
8.73084e-05
0.000127578
0.000329464
0.0030649
0.00161886
0.00382226
0.00501988
0.00388591
0.00104088
0.000312709
0.000239729
0.000102189
0.000317271
7.00749e-05
0.00194828
0.0109044
0.00174784
0.00435498
0.000209346
0.000128184
0.000146739
4.7293e-05
0.000311893
0.00239559
0.00372484
0.00312222
0.00350083
0.00257659
0.001129
0.000156618
9.07284e-05
0.00108356
8.61913e-05
4.75706e-05
0.00630166
0.00491509
0.00197902
0.00686902
0.00138605
0.000149844
0.000123978
4.07141e-05
0.000627149
9.01157e-05
0.00630191
0.00721845
0.00247466
0.00527987
0.00934206
0.00339886
0.00461105
0.0020009
0.00102022
0.000560607
0.000233639
0.000114387
5.45292e-05
0.00267774
0.00118178
0.00195021
0.00657998
0.00313348
0.00199413
7.41014e-05
4.67299e-05
0.000968814
9.52555e-05
0.00297767
0.00564574
0.00156306
0.00430806
0.00699356
0.00170849
0.0030931
0.00192561
0.00199269
0.00234993
0.00138612
8.89552e-05
0.00114597
0.000432271
0.000293728
8.04247e-05
0.000287221
0.00251045
0.00328528
0.00226703
0.00130632
0.0017593
0.000868528
0.00150966
0.000816431
2.81434e-05
8.40303e-05
6.45392e-05
3.90831e-05
0.00196373
0.0027473
0.00383542
0.0035733
0.00307324
0.00586559
0.00179731
0.0018759
0.00248609
0.000281131
0.00102398
0.000932455
0.000106585
0.000124347
0.000124751
3.87072e-05
2.01947e-05
0.00676095
0.0123262
0.00147092
0.00257795
0.00184967
0.000545025
0.00114147
0.00060205
4.5969e-05
9.84932e-05
6.72232e-05
2.68028e-05
0.00422351
0.0024663
0.00542345
0.00185637
0.00738474
0.00310156
0.00185672
0.00243848
0.00223128
0.00608478
0.00146989
0.00108843
0.000120528
6.12617e-05
9.74192e-05
4.73304e-05
1.95791e-05
0.0025747
0.00302354
0.00326857
0.00208346
0.00138335
0.000957098
0.000137436
0.000413297
0.000112743
6.81702e-05
2.93047e-05
0.00813314
0.0100365
0.00270367
0.00256007
0.00222769
0.00518146
0.0101341
0.00411704
0.00108713
0.00172566
0.000167186
0.000396485
0.000102817
7.14527e-05
0.000115744
1.69166e-05
0.00213765
0.00173542
0.00212486
0.000916661
0.000865602
0.000101045
9.72108e-05
6.32614e-05
2.78264e-05
0.0212851
0.00220091
0.00322724
0.00373478
0.00278563
0.00178853
0.00160941
0.0015912
0.000988406
0.000373906
0.000394475
9.3029e-05
4.67439e-05
5.33489e-05
0.00132945
0.0014562
0.00146173
0.00113492
0.000103775
6.711e-05
2.77955e-05
0.00303014
0.00135678
0.00508508
0.00224342
0.00386777
0.00365048
0.00130292
0.000337594
0.00131625
0.000107811
0.000149067
6.58689e-05
6.40111e-05
0.000414865
0.000319819
8.76305e-05
0.000130171
3.94688e-05
0.000973679
0.000564775
0.00147281
0.00133201
0.000702199
0.000412305
0.000365304
0.000302765
0.000114672
0.000147313
0.000112204
6.9027e-05
0.000350292
0.000205929
0.000143063
8.15133e-05
0.000306453
0.000385223
0.000897921
0.000327147
0.000146143
0.000108781
7.30933e-05
5.76041e-05
7.84733e-05
0.000129084
4.17505e-05
9.73992e-05
0.000209067
0.000112555
6.43212e-05
0.000249508
0.000113774
0.000115025
6.0093e-05
5.25297e-05
0.000102984
5.88237e-05
7.18579e-05
4.88147e-05
5.11306e-05
9.34099e-05
5.05168e-05
3.33687e-05
3.602e-05
4.55529e-05
0.000121169
1.62762e-05
1.28299e-05
0.00177754
0.000315993
3.55872e-05
0.00221545
0.00140681
2.66459e-05
5.12257e-05
0.000557592
0.000449974
0.00123617
1.73641e-05
0.000927699
0.00369407
4.56258e-05
6.05874e-05
0.000252912
5.97464e-05
3.43584e-05
0.0025777
0.00181942
0.00205552
0.00723375
0.00164024
0.00247417
6.20596e-05
9.43348e-05
0.000208524
8.47307e-05
0.000491011
2.74637e-05
0.00301464
0.00124358
0.00186671
0.00027935
0.0003517
0.000127155
0.000227341
0.000149765
0.00217055
0.00253739
0.0026878
0.00395095
0.0044559
0.000328422
0.000733379
7.65313e-05
7.1616e-05
0.000108404
3.69896e-05
0.00353863
0.00307176
0.00154377
0.000334231
0.000366238
9.98143e-05
8.39744e-05
0.000115865
0.000317184
0.00240297
0.00167523
0.00235404
0.001854
0.00207427
0.00154608
0.000319511
0.000260887
8.42462e-05
0.00108978
7.56375e-05
0.00190395
0.00356711
0.00216999
0.00263157
0.000149521
7.85354e-05
0.000107382
4.14029e-05
0.000421817
0.00295544
0.00169209
0.00195905
0.00473335
0.00231469
0.00108703
0.000149785
0.000248739
0.000616657
8.90603e-05
4.70354e-05
0.00253998
0.00404183
0.0029881
0.00141624
0.00105147
0.000262148
9.24829e-05
4.48917e-05
0.000436084
0.000107132
0.0263461
0.00655578
0.00765273
0.00245024
0.00164486
0.0030879
0.00152853
0.00135917
0.00183329
0.000210436
6.92188e-05
0.000151007
3.80172e-05
0.00313064
0.0200209
0.00558697
0.0101531
0.00320033
0.000935641
8.65227e-05
3.71691e-05
0.000928904
7.11531e-05
0.00446132
0.00135085
0.00178348
0.00210442
0.00303447
0.00309822
0.00424664
0.00177985
0.00186656
0.00251582
0.00221626
6.55675e-05
0.000857006
0.000315693
0.000123508
6.75032e-05
3.84126e-05
0.00242278
0.00178603
0.00211051
0.00331444
0.00227237
0.000596342
0.00157095
0.000181112
2.88713e-05
6.3005e-05
0.000111966
3.21744e-05
0.00202297
0.00380009
0.00425982
0.00241331
0.00206579
0.00281604
0.00226992
0.0042601
0.00224328
0.000336054
0.00555939
0.00151617
5.59511e-05
0.000144378
0.000120419
2.8679e-05
2.71935e-05
0.00168365
0.00383039
0.00308498
0.00244677
0.00245773
0.000735282
0.00263813
0.000105543
6.84001e-05
8.46058e-05
2.67476e-05
1.53546e-05
0.00325724
0.00157982
0.00292418
0.00286192
0.0195745
0.00653379
0.00267085
0.00190801
0.00185438
0.00211798
0.000652756
0.00117311
0.000208477
0.000201201
6.7427e-05
4.32292e-05
1.89454e-05
0.00193836
0.00653047
0.00561951
0.00177066
0.00123171
0.00027179
0.000455841
0.000287015
0.000116263
5.19593e-05
2.23543e-05
0.00300213
0.00405106
0.00207615
0.00228523
0.00175328
0.0108276
0.00168213
0.00730962
0.00102034
0.00141391
0.000495319
0.000306003
7.78734e-05
0.000313086
3.505e-05
1.6016e-05
0.00296865
0.00420745
0.00119478
0.00209852
0.000753557
0.00011788
0.000111842
5.19065e-05
3.70742e-05
0.00417332
0.00258935
0.0024029
0.00190947
0.00267901
0.00448607
0.00196377
0.00131357
0.00114874
0.000584916
0.000637036
0.000381259
6.84885e-05
0.000332525
0.00168464
0.00148706
0.000627142
0.000849929
0.000564791
9.39689e-05
7.19569e-05
0.0031122
0.00112053
0.00143338
0.00582142
0.00101441
0.00123211
0.00135488
0.000858303
0.000614416
0.000119296
9.5567e-05
0.000318289
3.98405e-05
0.00030957
0.000399225
0.000143988
6.36584e-05
7.78147e-05
0.00168588
0.000402209
0.00235382
0.00129759
0.000856942
0.00039232
0.000531552
0.000340046
0.000174819
0.000105516
0.00015613
6.99054e-05
0.000170582
0.000100781
9.79293e-05
0.000144686
0.00026802
0.000182321
0.000753558
0.000782569
0.000230541
7.64483e-05
0.000155313
0.000103786
6.8879e-05
9.42436e-05
4.94467e-05
7.1001e-05
0.000120841
0.000138557
0.000170433
9.2647e-05
7.81421e-05
4.53668e-05
0.000160144
4.7651e-05
8.36547e-05
5.38786e-05
0.000140408
6.4871e-05
0.000130868
6.89401e-05
4.67699e-05
4.30502e-05
2.71613e-05
1.96903e-05
2.43306e-05
1.55228e-05
1.27814e-05
0.000944703
0.000337517
2.08377e-05
0.00178259
0.00190958
2.35642e-05
6.71314e-05
0.00159053
0.000149328
0.000726939
1.64756e-05
0.00115802
0.000782618
4.71717e-05
5.18232e-05
0.000336139
5.72519e-05
3.39738e-05
0.0033243
0.00406805
0.00174702
0.00169941
0.00149335
0.0010098
5.73053e-05
5.22886e-05
0.0100787
9.22757e-05
0.000281649
3.54064e-05
0.00173888
0.000899111
0.0013605
0.000370241
0.000311033
6.43346e-05
0.000287181
2.79927e-05
0.00214253
0.00217705
0.00429712
0.00158085
0.00951779
0.00285033
0.000561324
8.36672e-05
0.000121324
9.8757e-05
3.71802e-05
0.0026008
0.00149847
0.00161567
0.000409004
0.000383305
0.000424847
6.03196e-05
0.000145901
0.000353846
0.00209827
0.00180241
0.00228286
0.00424968
0.00253574
0.00209545
0.000221095
0.00010605
0.000105711
0.00043975
3.34057e-05
0.0101426
0.00155875
0.00213323
0.00101565
0.000175503
0.000190554
0.000110594
0.000136741
0.00116155
0.0026038
0.00162399
0.0140943
0.00420156
0.00131934
0.00148068
0.00020284
7.52643e-05
0.000328198
0.000112924
4.35601e-05
0.00222669
0.00284953
0.00197461
0.00275176
0.00252932
0.000105454
0.000199555
0.000112138
0.00028005
0.000128176
0.00357813
0.00171448
0.00205113
0.0587052
0.00190783
0.00321699
0.00138525
0.00237556
0.00235089
0.000505896
8.86385e-05
6.47805e-05
5.57065e-05
0.0015543
0.00156435
0.00227419
0.00335247
0.00163624
0.00178001
9.72607e-05
7.0243e-05
0.000334871
8.55767e-05
0.00245764
0.00300298
0.0012539
0.00260916
0.0027566
0.00187007
0.0157817
0.00255033
0.00385729
0.00151363
0.00165843
7.62976e-05
0.000911437
0.000278243
0.000101428
7.53425e-05
5.80352e-05
0.00221577
0.00460444
0.00244068
0.00169674
0.00304689
0.00096758
0.00111411
0.00125134
5.36472e-05
7.81527e-05
8.05319e-05
3.83139e-05
0.00359965
0.00795638
0.00279289
0.00264187
0.00300849
0.0177769
0.00695858
0.00185046
0.00304972
0.000336663
0.000756021
0.00303851
6.73894e-05
9.12205e-05
0.00030419
3.61476e-05
5.27933e-05
0.00212375
0.00210507
0.00155702
0.00224692
0.00268514
0.000513497
0.000828051
0.00159018
5.18268e-05
8.25144e-05
2.51673e-05
1.19144e-05
0.00307314
0.00235939
0.00201949
0.00270895
0.00318536
0.00271481
0.00235913
0.00154397
0.00176472
0.00151868
0.000409131
0.000731617
0.000311748
5.62475e-05
6.14095e-05
3.47428e-05
1.20702e-05
0.00226539
0.0059492
0.00142457
0.00233986
0.00305521
0.000304429
0.000143914
0.000255812
7.7996e-05
6.22957e-05
8.47871e-05
0.00165365
0.00895552
0.00268308
0.0113835
0.00394573
0.00191165
0.00333336
0.00173719
0.00106908
0.00586755
0.000219469
0.000202215
0.000140756
8.98569e-05
3.82127e-05
2.73125e-05
0.00285102
0.00218633
0.000939835
0.000749068
0.000258678
7.86799e-05
0.000393929
7.54988e-05
4.57152e-05
0.00160604
0.00186723
0.00282315
0.00225988
0.00142325
0.00256241
0.00290651
0.00136198
0.00233094
0.000491928
0.000884651
8.81799e-05
0.00013922
3.79843e-05
0.000973259
0.00153355
0.000428708
0.000723068
0.000150508
0.000118337
3.22811e-05
0.00368219
0.00160174
0.00701015
0.00261071
0.00144607
0.00125787
0.00255937
0.000289496
0.000561916
0.000187577
0.000136248
0.000164368
4.82963e-05
0.000335762
0.000274346
0.000560019
8.33609e-05
3.61145e-05
0.00103677
0.000417377
0.000828354
0.00115237
0.00145876
0.000318853
0.000761906
0.000216213
0.000161113
0.000102764
0.000150392
4.09247e-05
0.000384058
0.000124927
8.40557e-05
3.14654e-05
0.00030723
0.000210444
0.00129803
0.000236934
0.000684825
7.98123e-05
0.000133611
9.58966e-05
0.000364097
0.000101681
4.49783e-05
6.7393e-05
0.000122297
0.00011726
5.86277e-05
5.32004e-05
8.25559e-05
8.56534e-05
5.90313e-05
3.02422e-05
7.91698e-05
6.41815e-05
9.08567e-05
4.36465e-05
9.59033e-05
3.96296e-05
8.97213e-05
2.75806e-05
7.385e-05
1.98612e-05
2.49767e-05
1.09326e-05
6.87404e-05
0.00102013
0.000105233
2.4776e-05
0.00255248
0.00212721
9.69487e-05
5.42385e-05
0.000800128
0.000122467
0.000868272
1.86261e-05
0.00114626
0.000990152
8.07525e-05
4.01611e-05
0.000353107
8.7494e-05
4.23071e-05
0.00325954
0.00148133
0.00174117
0.00365464
0.00196198
0.00104322
4.58187e-05
7.56863e-05
0.0002822
8.85456e-05
0.000315734
5.53889e-05
0.00350951
0.000769038
0.000758328
0.000429817
0.000252552
0.000105013
9.48318e-05
3.16573e-05
0.00210631
0.00275163
0.00204497
0.00255177
0.00542828
0.00094256
0.000472488
9.47257e-05
0.000125093
9.81571e-05
0.000157279
0.00240171
0.00181824
0.00137672
0.0012912
0.000246906
0.000119889
8.09443e-05
6.93783e-05
0.000396552
0.0165726
0.00536782
0.00204671
0.0018305
0.00669109
0.00139907
0.000731677
0.000109388
8.61656e-05
0.000399704
7.69049e-05
0.00581223
0.00214168
0.00153984
0.000808894
0.000101498
0.000177546
0.000127096
5.5551e-05
0.000798361
0.00379893
0.00243404
0.00272859
0.00177814
0.0155138
0.00102901
0.000112919
5.24103e-05
0.000533678
0.000151663
4.27274e-05
0.00195874
0.00380091
0.00183448
0.0029613
0.00203669
0.000133782
0.000278591
0.000141688
0.000276938
8.41579e-05
0.00443837
0.00175937
0.0020876
0.00314727
0.00292676
0.00239996
0.00249564
0.00124973
0.0012104
0.000255378
0.0001233
6.78246e-05
6.65499e-05
0.0017
0.00161564
0.00360598
0.00256087
0.00204497
0.000974514
0.000102686
6.21245e-05
0.000327963
0.000113816
0.00534115
0.00165023
0.0016504
0.00216508
0.00188287
0.00270674
0.00236695
0.00367587
0.00171253
0.00149388
0.0075985
8.31792e-05
0.00203382
0.00070263
7.90782e-05
5.99786e-05
5.95443e-05
0.00161913
0.00280258
0.00339291
0.00213308
0.00267323
0.00110593
0.0009729
0.00135488
3.6829e-05
9.34426e-05
6.73191e-05
1.82658e-05
0.00182771
0.0035237
0.00178211
0.00240321
0.00235193
0.00151978
0.00251085
0.00212913
0.00368172
0.000335242
0.000907153
0.00109918
7.91767e-05
9.88819e-05
6.919e-05
2.41453e-05
2.39719e-05
0.00201028
0.0625502
0.0067706
0.0026593
0.00453185
0.000551781
0.00233537
8.95655e-05
4.01042e-05
6.36007e-05
8.53962e-05
1.09579e-05
0.00172702
0.00366945
0.0019332
0.00340069
0.00492793
0.00215069
0.00730381
0.00259559
0.00308859
0.00292926
0.000397993
0.00127802
0.000178456
9.77857e-05
0.000289827
3.25824e-05
1.39186e-05
0.00311679
0.0020665
0.0017029
0.00203562
0.00120632
0.000413232
0.000158149
0.000565527
9.61217e-05
7.08998e-05
2.12658e-05
0.00209397
0.00271033
0.00168067
0.00344072
0.00210222
0.00201585
0.00222199
0.00221138
0.00142694
0.00127508
0.000211177
0.000394479
6.56176e-05
7.53043e-05
4.40985e-05
2.686e-05
0.00317172
0.0033679
0.00117598
0.000860906
0.000337408
0.000128851
0.000151329
6.96997e-05
0.000116261
0.00201846
0.0040403
0.00199267
0.0081421
0.00143993
0.00313588
0.00159842
0.000993176
0.00139749
0.000412897
0.000390959
0.000469781
5.41013e-05
3.26139e-05
0.00139833
0.00120685
0.000657252
0.000310328
0.000107075
8.96447e-05
9.18185e-05
0.00158504
0.00164867
0.00139272
0.00257496
0.00158469
0.00114086
0.000835559
0.000370874
0.00056858
0.00015167
9.163e-05
0.000199556
7.94155e-05
0.00040347
0.000989521
0.000306439
7.44742e-05
3.876e-05
0.00105079
0.000334923
0.00157473
0.00113248
0.000778571
0.000403062
0.000293633
0.000373686
0.000194247
8.86193e-05
0.000135032
4.67943e-05
0.000104076
8.50156e-05
0.000114977
5.47593e-05
0.000223118
0.000282589
0.000543626
0.000472411
8.95461e-05
0.000151316
7.91621e-05
4.90418e-05
8.04345e-05
8.81524e-05
0.000591152
6.30771e-05
0.000115614
8.86966e-05
4.7346e-05
5.78077e-05
0.000981811
5.70477e-05
0.000186104
4.28818e-05
5.61218e-05
0.000133189
0.000301673
3.44873e-05
4.58569e-05
9.40048e-05
6.75656e-05
2.63977e-05
2.30832e-05
1.99846e-05
2.04242e-05
1.46272e-05
9.50767e-06
0.0011312
0.000227064
2.70961e-05
0.00155938
0.00093116
5.89925e-05
5.2058e-05
0.000404096
0.000215363
0.000668993
1.78338e-05
0.000437059
0.00237637
0.000130756
3.97665e-05
0.000203187
4.59704e-05
4.46404e-05
0.00131429
0.00117341
0.00161259
0.00118132
0.000526298
0.00100177
3.28024e-05
3.10886e-05
0.000150115
4.13624e-05
0.00379414
1.93537e-05
0.00387128
0.00102429
0.0152702
0.000922382
0.000271165
5.85963e-05
5.16947e-05
2.98369e-05
0.00111554
0.00209496
0.00106374
0.00246839
0.00125918
0.000314629
0.00022409
0.000118796
8.18126e-05
0.000186703
2.18951e-05
0.0031767
0.000960346
0.00141652
0.000479424
0.000257486
0.000113013
9.71288e-05
3.99629e-05
0.000223824
0.00093972
0.0010678
0.00165111
0.00118674
0.00193159
0.00125121
0.000196327
9.06506e-05
6.53306e-05
0.000190194
2.93329e-05
0.00185712
0.00120178
0.000852651
0.000476344
7.92537e-05
4.45884e-05
5.9586e-05
2.82299e-05
0.00106707
0.00179059
0.00138399
0.00102055
0.00119485
0.00122553
0.000683849
6.73332e-05
5.97849e-05
0.000745027
0.000244101
2.71745e-05
0.00144607
0.00195896
0.00137713
0.00164501
0.00139792
5.7607e-05
5.70613e-05
5.29078e-05
0.000231328
0.000104919
0.000950787
0.00207391
0.00188507
0.00131306
0.00155801
0.00110642
0.00298023
0.00113633
0.00166519
0.000178782
6.69906e-05
6.49776e-05
3.87763e-05
0.00116911
0.000931972
0.00143005
0.00307095
0.00113706
0.000933392
7.57806e-05
2.3631e-05
0.00026875
4.25667e-05
0.00119755
0.000980458
0.000726333
0.000991166
0.00122266
0.00310641
0.00134409
0.00086905
0.0009138
0.00160579
0.00251058
7.97587e-05
0.000553976
0.000209331
3.84964e-05
7.37298e-05
2.44916e-05
0.00219062
0.00132466
0.00376641
0.000777483
0.000981164
0.000500129
0.000486229
0.000478272
6.25825e-05
6.34059e-05
0.000136363
1.50196e-05
0.00202041
0.00138801
0.000910492
0.0011111
0.00213248
0.00267168
0.000972734
0.000671802
0.00147968
0.000153514
0.000415752
0.000630788
0.000198089
9.77273e-05
4.37673e-05
4.00832e-05
3.09891e-05
0.00217801
0.00115452
0.0012002
0.00113822
0.00196381
0.000270351
0.000340604
6.02313e-05
2.95023e-05
4.62839e-05
1.86848e-05
9.51018e-06
0.00291214
0.00199746
0.010813
0.00103748
0.00455405
0.00130217
0.00191812
0.00163479
0.000697363
0.000996629
0.000243939
0.00040302
6.33186e-05
5.36047e-05
3.36104e-05
2.17027e-05
1.09622e-05
0.00141626
0.00302773
0.00110919
0.00123897
0.000554094
0.000550671
5.36207e-05
0.000496553
4.66561e-05
4.06173e-05
1.43222e-05
0.00168864
0.00103981
0.00154456
0.00264135
0.0017597
0.00138804
0.00206945
0.00241853
0.000490709
0.000951733
0.000182374
0.000177304
4.15736e-05
7.2891e-05
5.0424e-05
2.21671e-05
0.000851735
0.00101992
0.00108118
0.00055244
0.00026656
0.000136661
6.77225e-05
0.000115124
2.43394e-05
0.00136553
0.00147839
0.00122617
0.00122094
0.00122831
0.000763594
0.000762962
0.00169614
0.000647602
0.000263357
0.000341073
7.6337e-05
3.02143e-05
1.71393e-05
0.00059652
0.00100998
0.000200491
0.000363432
7.65791e-05
6.27656e-05
3.40604e-05
0.00136733
0.000937439
0.00530074
0.0034866
0.00065991
0.000734683
0.000629042
0.000232087
0.000186571
0.000148934
5.77146e-05
8.2436e-05
2.44455e-05
0.00048587
0.00024832
7.45827e-05
0.000129145
3.36091e-05
0.000559639
0.00033558
0.000791826
0.000498253
0.000682284
0.000233179
0.000160783
0.000127454
5.64687e-05
5.7306e-05
0.000111412
2.42123e-05
0.000113077
6.70568e-05
0.000158866
9.80092e-05
0.000148596
0.00037252
0.000285384
0.000192184
9.25544e-05
0.000106331
8.01148e-05
4.53428e-05
6.84481e-05
5.74687e-05
4.1292e-05
3.96996e-05
7.76546e-05
6.4315e-05
4.41644e-05
7.53714e-05
7.23269e-05
2.92564e-05
4.40457e-05
2.26753e-05
8.08661e-05
4.25326e-05
4.1906e-05
3.2172e-05
7.41427e-05
7.24498e-05
3.59305e-05
4.81777e-05
1.85953e-05
1.83141e-05
3.28311e-05
1.35825e-05
