2.00975e-05
0.00163013
0.000217419
3.35616e-05
0.00226164
0.00180946
3.57146e-05
7.96143e-05
0.00108868
0.00022894
0.00138628
5.52397e-05
0.00323398
0.00269795
6.73317e-05
8.40817e-05
0.000673898
0.00010979
3.5552e-05
0.00206195
0.00243608
0.00325924
0.00126768
0.00147926
0.0015401
6.29646e-05
0.00017364
0.000517151
9.49769e-05
0.00229234
3.70483e-05
0.00319553
0.00174678
0.00166773
0.000740513
0.000289719
0.000198057
0.000121604
0.000105606
0.00374737
0.003638
0.00150603
0.00291552
0.00296111
0.00190868
0.000452248
7.84266e-05
0.00010991
0.000144906
5.11994e-05
0.00314422
0.00245182
0.00202714
0.00059366
0.00073939
0.000140481
0.000105402
6.45837e-05
0.000438558
0.00406718
0.00388363
0.00410159
0.00144132
0.00190714
0.00157321
0.000758883
0.000182224
0.000136447
0.000674152
8.07041e-05
0.00137785
0.00132511
0.00452507
0.00173259
0.000213373
0.000188522
0.00024999
6.14141e-05
0.000731533
0.00345476
0.00324943
0.00265659
0.00117101
0.00485176
0.00143163
0.000198981
0.000135028
0.000543855
0.000138676
6.35023e-05
0.00437099
0.00355781
0.00439462
0.00271187
0.00250211
0.000269056
0.000149266
7.13373e-05
0.000663397
0.000115852
0.00227282
0.00236429
0.00159062
0.00291533
0.000992413
0.00346071
0.00426929
0.00135246
0.00139407
0.000396771
0.000119885
0.000123117
7.91341e-05
0.00322512
0.00195087
0.00153476
0.00216701
0.00263971
0.00203212
9.75126e-05
0.000109255
0.000662595
0.00015561
0.00313498
0.00247986
0.00439496
0.00319896
0.00355816
0.00275676
0.00437137
0.00296781
0.00327304
0.00455846
0.00359352
0.000154832
0.00058868
0.000533915
0.000121718
0.000112287
0.000178919
0.00151593
0.00263146
0.00301663
0.00195367
0.00338406
0.00159073
0.00273744
0.000839812
4.05691e-05
0.000255183
0.000101739
7.7718e-05
0.00296338
0.00328768
0.00412967
0.00212329
0.00163174
0.00291036
0.00254854
0.00216683
0.00477727
0.000330165
0.00175239
0.00260402
9.17548e-05
0.000160929
0.000120092
3.633e-05
3.58905e-05
0.00120956
0.00204048
0.00331206
0.00157677
0.00187433
0.00103141
0.00171086
0.000142816
6.18926e-05
0.000102386
3.89426e-05
1.98107e-05
0.00256669
0.00227599
0.00221813
0.00266341
0.00128678
0.00287783
0.00491427
0.00109489
0.00125757
0.00259247
0.000553327
0.00118907
0.00017406
9.97777e-05
6.89381e-05
3.71592e-05
1.70214e-05
0.00376149
0.00376579
0.00101254
0.00218745
0.00214933
0.000310246
0.000154061
0.000252811
8.86313e-05
7.24221e-05
3.0075e-05
0.00337992
0.00109159
0.00345265
0.00172311
0.00238644
0.00430313
0.00148813
0.00201538
0.0017622
0.0017735
0.000302925
0.000556502
0.000129897
0.000158962
7.47027e-05
2.7327e-05
0.00201167
0.00172182
0.00237532
0.00257625
0.000842644
0.000305376
0.000138995
0.000131743
3.79714e-05
0.00265754
0.00277079
0.00312917
0.00237081
0.00267661
0.00323429
0.00242819
0.00309934
0.00144115
0.000482774
0.000534183
0.00011008
7.51455e-05
3.38128e-05
0.00147785
0.000470305
0.000414533
0.000454524
0.000183629
0.000436197
5.61757e-05
0.0028002
0.00165514
0.00162259
0.00318293
0.00217572
0.00285839
0.00215723
0.00102468
0.000505244
0.000152344
0.000463323
0.00011374
4.59425e-05
0.000609773
0.000495641
0.000155455
0.00012688
8.2258e-05
0.00347957
0.000425621
0.00237664
0.00142978
0.00146521
0.00076193
0.00425809
0.000472149
0.000143702
0.000188658
0.000107555
5.15083e-05
0.000263189
0.000151944
9.54692e-05
9.53279e-05
0.000933883
0.000306174
0.00218661
0.000328807
0.000147258
0.000127181
0.000164064
6.8305e-05
0.00014303
0.00273139
0.000185019
0.000118386
0.000265898
0.000142592
8.23879e-05
0.000198192
0.000135866
7.77981e-05
0.00012087
9.73555e-05
9.73598e-05
9.71614e-05
7.75298e-05
4.79221e-05
0.000194421
3.78075e-05
7.27498e-05
0.000165743
5.16197e-05
2.92634e-05
8.73669e-05
2.10554e-05
3.42383e-05
0.00499816
0.00102462
4.30271e-05
0.0026219
0.00160189
7.72383e-05
0.000173382
0.00384765
0.00117224
0.00173444
7.09877e-05
0.0022838
0.00419473
0.00132302
0.000174704
0.000698839
0.000122675
6.07223e-05
0.0020409
0.00379442
0.00250238
0.00418826
0.00277443
0.00140861
7.52754e-05
0.000106409
0.000732962
0.000119476
0.00146827
5.14669e-05
0.00359658
0.00205323
0.00191876
0.00146262
0.000581553
0.000357729
0.000572488
6.74278e-05
0.00191293
0.00470624
0.00468341
0.00474749
0.003111
0.00079874
0.000871848
0.000341758
0.000382115
0.000211614
0.000188499
0.00390065
0.00105923
0.00282135
0.000704333
0.0016677
0.000365711
0.000196166
0.000104221
0.00139097
0.00292774
0.00357578
0.00318918
0.00438199
0.00330678
0.00394756
0.000870193
0.000283994
0.000202329
0.00106115
9.13771e-05
0.00178186
0.00236881
0.00243305
0.00315868
0.00026366
0.000274774
0.000177932
0.000191779
0.000923015
0.00487886
0.0018212
0.00237138
0.00103697
0.00361894
0.00226294
0.000183027
0.000259761
0.000693094
0.000147792
0.000116289
0.00302181
0.00253037
0.00353799
0.00490304
0.00136442
0.000114249
0.000638055
7.78586e-05
0.00259488
0.000184091
0.00094684
0.00194284
0.00214778
0.00403409
0.00208382
0.00289635
0.00494742
0.00412992
0.00435128
0.00074823
0.000216419
0.000215458
0.000448732
0.00403418
0.00337151
0.00174531
0.00373764
0.00268749
0.000628503
0.000222067
0.000238476
0.000701133
0.000150458
0.00243723
0.00410388
0.00151362
0.0047987
0.00241731
0.00162205
0.00315436
0.00314593
0.00490655
0.00410996
0.00283264
0.000169627
0.00375537
0.00181213
0.000482638
0.00013527
0.000100518
0.00203373
0.00287618
0.0011043
0.00340768
0.00472578
0.00144279
0.00460727
0.00191288
5.55713e-05
0.000106314
0.000127281
4.69804e-05
0.00302088
0.00267034
0.00366204
0.00390506
0.0022977
0.0049703
0.00298904
0.00364195
0.00206117
0.0015319
0.00211068
0.00123614
0.000104653
0.000278211
0.000425571
0.000169027
0.000177511
0.00106748
0.00330254
0.00469274
0.00236277
0.00347942
0.000900791
0.00176866
0.000241154
0.000421835
0.000146473
5.54612e-05
3.52871e-05
0.00461224
0.00347793
0.00449141
0.00226299
0.00254389
0.00471936
0.00290901
0.00389271
0.00362221
0.00312018
0.00148285
0.0040316
0.00127675
0.000262721
0.000115865
8.07185e-05
2.4752e-05
0.00223485
0.00478374
0.000865014
0.00197884
0.000975538
0.000406226
0.000615131
0.000919988
0.000235716
7.99749e-05
4.50594e-05
0.00278112
0.00224405
0.00340322
0.00350688
0.00409402
0.00200633
0.00193517
0.00294699
0.000761072
0.00310962
0.00101242
0.000563872
0.000248268
0.000151897
7.50625e-05
3.99613e-05
0.00393343
0.0004383
0.00285075
0.00192288
0.00128917
0.000295557
0.000166268
0.000676148
6.06959e-05
0.00371783
0.00179472
0.00249508
0.00201609
0.00394475
0.00153261
0.00222058
0.00434102
0.00373713
0.000875967
0.002603
0.000178355
0.000165984
4.9492e-05
0.00425031
0.00261211
0.00348149
0.00367549
0.000182268
0.00013748
7.07491e-05
0.0032256
0.00320766
0.00174442
0.00460715
0.00186919
0.00220304
0.00236082
0.00119942
0.00142034
0.000167199
0.000148619
0.000180861
7.69572e-05
0.000650154
0.00176478
0.000253318
0.00011795
6.38259e-05
0.00195518
0.000748649
0.00258874
0.00308459
0.00202463
0.00074396
0.00111392
0.00119612
0.000299928
0.000211986
0.000140125
7.22341e-05
0.000186317
0.000226835
0.000193432
9.60377e-05
0.00191587
0.0012104
0.00287006
0.00137157
0.000341601
0.000178172
0.000239483
6.36605e-05
0.000164056
0.00012269
9.41052e-05
0.000134196
0.000863481
0.000359847
0.000119664
0.000129451
0.000168036
0.000120033
9.86892e-05
6.69885e-05
0.000162658
9.48078e-05
0.000124803
9.47801e-05
0.000485189
5.35384e-05
9.20693e-05
6.09021e-05
4.1927e-05
2.79509e-05
3.93877e-05
2.63963e-05
2.26541e-05
0.00300601
0.000774291
7.31535e-05
0.00437238
0.000434623
7.35314e-05
0.000118024
0.00155835
0.000263638
0.00212892
3.06641e-05
0.00155447
0.00227742
9.27739e-05
8.52273e-05
0.00116627
0.000115931
5.76386e-05
0.000922087
0.00428071
0.00181742
0.00431393
0.00237279
0.00292567
9.18439e-05
0.000136904
0.000715098
0.00012167
0.00168161
5.25692e-05
0.00175351
0.00213531
0.00189196
0.000583228
0.00121016
0.000143198
0.000165506
0.000304458
0.00322248
0.00410104
0.0015951
0.00408759
0.00213715
0.000635615
0.00103402
0.000142913
0.000193195
0.000227065
0.000188668
0.00412337
0.00246179
0.00166493
0.000815155
0.00138714
0.000173296
0.000199851
7.02814e-05
0.00275635
0.00337611
0.00185373
0.00496761
0.00349502
0.00237962
0.00294566
0.00118605
8.96395e-05
0.000144549
0.000812305
8.09523e-05
0.00294996
0.00388336
0.00420427
0.00248464
0.000269265
0.00017549
0.000263262
8.28688e-05
0.000860818
0.00230241
0.00362632
0.00197091
0.00468779
0.0025054
0.00359612
0.000212943
0.000237141
0.00116034
0.000245465
0.000252774
0.00212634
0.00160253
0.00202602
0.00338468
0.00348429
0.000194701
0.000165715
6.70144e-05
0.00107845
0.000236709
0.00408405
0.00492465
0.00184076
0.0022926
0.00395509
0.00416255
0.00396157
0.0034797
0.00236225
0.00125743
0.000207441
0.000917085
8.26515e-05
0.0036899
0.00389519
0.00394587
0.00262133
0.00248411
0.002251
0.000263102
7.60804e-05
0.0016914
0.000269107
0.00262959
0.00414041
0.00285638
0.0033058
0.00289712
0.00215282
0.00212461
0.00322901
0.000781431
0.00340823
0.00415431
0.000199346
0.00366689
0.00218909
0.000294971
0.000103194
5.53432e-05
0.00279491
0.00296615
0.00237605
0.00198089
0.00273132
0.00185469
0.00347415
0.000549396
5.35667e-05
0.000131358
0.000161827
4.1838e-05
0.00237773
0.00328736
0.00455941
0.00241024
0.0037237
0.0040447
0.00283405
0.0043215
0.00383034
0.00086511
0.003452
0.00372661
0.000264791
0.00026364
0.000140966
0.000785112
4.62232e-05
0.00484026
0.00360623
0.0036698
0.00190866
0.00185543
0.0015964
0.00232632
0.000402075
0.000765987
0.000109604
9.4971e-05
3.80996e-05
0.0039934
0.00396773
0.00258836
0.00428172
0.00491765
0.00258769
0.00285724
0.00327508
0.00298794
0.000410062
0.00108386
0.00198891
0.000205797
0.000125306
0.000344517
7.3289e-05
2.46799e-05
0.00447838
0.00396944
0.0030402
0.00202816
0.00310776
0.000463665
0.000539232
0.000907231
0.000231747
0.000639686
4.66025e-05
0.00332776
0.00218179
0.00359993
0.00247009
0.00460936
0.00404933
0.00290881
0.00310615
0.00209387
0.00270342
0.000348107
0.00187661
0.000113799
0.000189867
0.000130751
4.67048e-05
0.00377547
0.00205823
0.00292714
0.00304373
0.000686245
0.000139812
0.000285708
0.00029123
7.72323e-05
0.00356208
0.00359185
0.0015778
0.0029258
0.00145453
0.00230766
0.00464615
0.00231645
0.00114886
0.000702325
0.0015231
0.000190287
0.000141171
4.2096e-05
0.00241553
0.00236597
0.00111832
0.00124058
0.000174019
0.000231792
0.00016168
0.00316189
0.00315525
0.00455131
0.00244217
0.00228135
0.00205687
0.00174008
0.000870874
0.000523992
0.000269727
0.000206562
0.000258853
0.000110471
0.000784825
0.00323926
0.000196558
0.000177309
8.11111e-05
0.00179052
0.00108522
0.00259726
0.00205783
0.00269832
0.000910356
0.000555019
0.000782995
0.000206406
0.000217359
0.00019624
8.04559e-05
0.000203097
0.000265162
0.000177989
8.3018e-05
0.000546441
0.000439288
0.00146253
0.000932065
0.000150435
0.000167126
0.000144448
6.95825e-05
0.000178557
0.000174875
0.000100999
0.000145843
0.000419909
0.000186009
0.000248646
0.000151162
0.000131336
0.000331951
0.000144489
6.99472e-05
0.000448419
0.000100589
0.000170143
0.000147412
0.000466691
0.000303732
0.000305598
7.25588e-05
0.000140441
4.01496e-05
4.81524e-05
2.56251e-05
2.35762e-05
0.00364435
0.00328921
0.000195079
0.0022808
0.00336262
7.38622e-05
0.000104767
0.0015231
0.000363684
0.00195981
4.31493e-05
0.00172887
0.00434714
0.000193255
0.000101428
0.00414653
0.000157556
7.73142e-05
0.00282037
0.00209451
0.00283271
0.00292324
0.00096817
0.00207709
7.90716e-05
0.000121673
0.000442225
9.62011e-05
0.00110946
0.000149643
0.00192834
0.000812538
0.00144714
0.00209944
0.00254355
0.000113301
0.00023427
0.000144093
0.000860473
0.0018517
0.00429797
0.00461949
0.00292973
0.000997212
0.000814005
0.000154116
0.000132784
0.000187797
0.00490693
0.00192479
0.00403516
0.00180111
0.000668575
0.00116426
0.000375938
0.000113907
0.000124023
0.00091345
0.00367276
0.00360745
0.00422135
0.00361495
0.00428213
0.00221549
0.000735421
0.000280411
0.000182101
0.0011489
0.000114012
0.00458433
0.00169914
0.00200567
0.000425521
0.000226653
0.000330795
0.000178777
0.000116063
0.00296481
0.00239493
0.00202537
0.0039051
0.00189179
0.00325162
0.00286614
0.000187253
0.000646974
0.000826656
0.000249565
9.39393e-05
0.00364745
0.00436563
0.00191241
0.0016146
0.00277116
0.000286257
0.00313015
0.00232931
0.000646042
0.000420942
0.00258362
0.00452651
0.00152781
0.00252761
0.00342296
0.0033788
0.00226256
0.00183788
0.00279854
0.000913182
0.000284644
0.000221008
0.00010332
0.00427344
0.00381398
0.00494624
0.00116013
0.00473171
0.00111436
5.18753e-05
9.10259e-05
0.00184942
0.000129316
0.00467349
0.00468641
0.00201434
0.00257884
0.00365453
0.00220171
0.00190528
0.00213224
0.00326975
0.00295446
0.00253774
0.000424952
0.000821203
0.000665632
0.000204462
0.000135623
0.000239914
0.004165
0.00368774
0.00384632
0.002944
0.00455298
0.00249921
0.00265609
0.00128378
7.20635e-05
0.000229116
0.000228986
3.23133e-05
0.00402517
0.00362798
0.00145949
0.00183092
0.00212126
0.0010538
0.00443453
0.00325997
0.00388897
0.000545105
0.0042958
0.00331242
0.000233061
0.000225557
0.00026341
6.14051e-05
4.34085e-05
0.00319958
0.00202246
0.00479854
0.00335359
0.00291048
0.00105108
0.0018575
0.000306369
0.000130018
0.000140317
0.000127314
4.12915e-05
0.00421924
0.00429596
0.00404496
0.00268757
0.00148329
0.00261509
0.00337734
0.00398833
0.00230047
0.00373986
0.00154528
0.00141128
0.000258614
0.000120088
0.000211825
8.86405e-05
2.0849e-05
0.0012401
0.00387598
0.0029897
0.0047014
0.00359714
0.000513163
0.000382945
0.000637465
0.000127989
0.000146206
4.66064e-05
0.00398908
0.00366122
0.00389936
0.00429517
0.00247216
0.00161517
0.00232737
0.00301746
0.00264091
0.00256463
0.000553782
0.00139634
0.00015251
0.000215138
9.66505e-05
5.11723e-05
0.000322365
0.00405978
0.00193126
0.00340208
0.00156667
0.000164119
0.000215802
0.000129762
5.68884e-05
0.00433029
0.00339796
0.00283531
0.00486097
0.00222604
0.00459518
0.00421741
0.00248133
0.00172047
0.00209675
0.00299009
0.000138423
0.000290941
0.000118639
0.00256835
0.00290138
0.00064595
0.00090413
0.000171319
0.000199394
8.67792e-05
0.0027632
0.00245951
0.00327516
0.0034242
0.00239073
0.00418787
0.00332712
0.00147628
0.000633031
0.000214093
0.000328707
0.000223265
5.84367e-05
0.00102557
0.000806582
0.000292067
0.000153666
0.000528514
0.00354505
0.000680061
0.00157974
0.00362514
0.00162007
0.00148895
0.00078123
0.000694398
0.000268727
0.000362058
0.000168619
0.000128163
0.000274387
0.000150444
0.000133647
0.000123909
0.000996686
0.000432093
0.00103073
0.000524618
0.000682461
0.000142128
0.000225495
0.000171343
0.000131668
0.000159659
9.73732e-05
0.000312206
0.000331161
0.000309057
0.00010638
0.000109788
0.000127004
9.85996e-05
0.000128858
7.30163e-05
0.0001628
0.00010863
0.000163696
0.000226235
8.91719e-05
7.71374e-05
0.000131181
5.36937e-05
5.5517e-05
6.11704e-05
6.25855e-05
6.61407e-05
2.0208e-05
0.00291917
0.000225807
4.49494e-05
0.00284146
0.00389021
9.53659e-05
0.000135574
0.00106506
0.000365666
0.0023403
5.33481e-05
0.00211525
0.00273794
0.000264744
0.000174701
0.000507113
0.000149986
8.4084e-05
0.0031481
0.00393966
0.00487409
0.00409923
0.00210976
0.00200518
7.94173e-05
8.78639e-05
0.000380253
0.000131968
0.000604787
4.81068e-05
0.00147071
0.00381846
0.00215124
0.00132728
0.00169425
0.00028993
0.000183419
7.12589e-05
0.00423589
0.00378131
0.00423436
0.00287405
0.00296391
0.000668366
0.000565969
0.00029268
0.000135396
0.000244388
0.000103081
0.00245777
0.00361557
0.0019531
0.00140698
0.000895065
0.000267674
0.000157039
0.000188772
0.000376275
0.00461861
0.00304409
0.00377743
0.00354618
0.00171435
0.00106166
0.000995598
0.000486139
0.000366238
0.000868733
8.52921e-05
0.00402463
0.00422332
0.00323922
0.000590522
0.000247015
0.000158321
0.000238525
7.70912e-05
0.000788154
0.00440152
0.00374478
0.00348045
0.00398281
0.00370295
0.00258763
0.000189236
0.00049182
0.000928466
0.000359244
0.000195318
0.00203192
0.00428272
0.00401534
0.00388519
0.00184806
0.00047651
0.000431082
0.000152402
0.000581521
0.000207349
0.00453046
0.00241335
0.00471786
0.00195095
0.00270585
0.00285393
0.00398016
0.00411897
0.00306971
0.000738246
0.000227961
0.00042209
0.000132119
0.00379306
0.00373808
0.00464234
0.00176682
0.00343872
0.00313259
0.000294565
0.000112225
0.000890412
0.00012255
0.00408616
0.00107887
0.00393412
0.00270266
0.00370848
0.00182558
0.0046703
0.00459172
0.00379943
0.00370708
0.00207423
0.000161768
0.00324381
0.00265315
0.000142772
0.000164019
7.9002e-05
0.00226786
0.00204589
0.00447465
0.00477509
0.00203259
0.00131383
0.00203429
0.000641647
6.386e-05
0.000153032
0.000212369
5.44431e-05
0.00113291
0.00175022
0.00253729
0.00293291
0.00297386
0.00400453
0.00255142
0.0015562
0.0043001
0.000451167
0.00312706
0.00253157
0.000232738
0.000268567
0.00061705
0.000109199
3.91474e-05
0.00217329
0.00285347
0.00130736
0.00366148
0.00191206
0.00100741
0.00186913
0.000385052
0.00029621
0.000204671
6.80459e-05
2.85916e-05
0.00324055
0.00339034
0.00402612
0.00482224
0.00221058
0.00449531
0.00490885
0.00379372
0.00320977
0.00134057
0.0013349
0.00268215
0.000160883
0.000124412
0.000101385
5.31264e-05
2.77129e-05
0.00428157
0.0039951
0.00266273
0.00281844
0.00224512
0.000499746
0.000207995
0.0010489
0.000159717
0.000319554
4.3517e-05
0.00409687
0.00139971
0.00437526
0.00186487
0.00347954
0.00285417
0.00244757
0.00292995
0.0036322
0.00379782
0.000402055
0.00137998
0.00038082
0.000215305
0.000188347
0.000160573
0.00206707
0.00219106
0.00216117
0.00480906
0.00047841
0.000184516
0.000204464
0.000101323
6.54946e-05
0.00405803
0.00339352
0.0032598
0.00446188
0.00384999
0.00254382
0.000694452
0.000872977
0.00175703
0.000578913
0.00100806
0.00211649
9.76703e-05
0.000113483
0.00167162
0.00373931
0.0012375
0.000632188
0.000460412
0.000180714
0.000146666
0.00166288
0.00311988
0.00157576
0.00154068
0.000954929
0.00194788
0.00213325
0.00103766
0.00144856
0.000430839
0.000192799
0.00016098
5.92197e-05
0.000530322
0.000727318
0.000325833
0.000232732
0.00016626
0.00171385
0.000992225
0.0013199
0.00322295
0.00148199
0.00100371
0.000832351
0.000621599
0.000367955
0.000225465
0.000505036
0.000109136
0.000453859
0.000254894
0.00021217
7.43323e-05
0.00113955
0.000453548
0.00130604
0.000368907
0.000568487
0.000277546
0.000148631
9.16434e-05
0.000232206
0.000250479
0.0002874
0.000173366
0.000299335
0.000290976
0.000122785
0.000152776
0.000119492
7.59535e-05
0.000131326
9.00599e-05
0.000134564
0.000134424
0.00010744
0.00019167
0.000133381
0.000153119
9.71877e-05
0.000139952
8.31123e-05
3.81961e-05
4.82351e-05
2.91124e-05
2.67278e-05
0.00174108
0.000313341
5.51293e-05
0.00358987
0.00327559
6.3634e-05
0.00011288
0.00190341
0.000153458
0.00124636
4.18038e-05
0.00164087
0.0016506
0.000164635
0.000377102
0.000813228
0.000132049
0.000226932
0.00311862
0.00313606
0.00388314
0.00448375
0.00298183
0.00150532
9.03312e-05
9.07517e-05
0.000971453
0.000133679
0.000674828
4.31167e-05
0.00138335
0.00173825
0.00497184
0.00059934
0.000618159
0.000345754
0.000153723
9.68497e-05
0.00381064
0.0039968
0.00399813
0.00153284
0.00254812
0.00124491
0.000574947
0.000146296
0.000167549
0.000944914
0.00262444
0.00419003
0.00295747
0.00132235
0.000821494
0.000506383
0.00026057
0.000203417
0.000130736
0.000474993
0.00340874
0.000990203
0.00243287
0.0022238
0.00268403
0.00145275
0.00100297
0.000238451
0.00354344
0.000256644
0.000165713
0.00314875
0.00175423
0.00317042
0.00189997
0.000258049
0.000310604
0.00172733
0.000109747
0.00216108
0.00472785
0.00140405
0.00492843
0.00228843
0.00246389
0.0020354
0.000685352
0.000128116
0.000978178
0.00018014
7.3807e-05
0.00321633
0.00405469
0.00348724
0.00300286
0.0020239
0.000225972
0.000148936
0.000123608
0.000708805
0.00126336
0.00291637
0.0029824
0.00432564
0.00390634
0.00340503
0.00127495
0.00341353
0.00351091
0.00197143
0.000688255
0.000604348
0.000244211
0.000283128
0.00393225
0.00370831
0.00228121
0.00433472
0.0028312
0.00222407
0.00022929
6.83534e-05
0.000573115
0.00013218
0.00172318
0.00111308
0.00084619
0.00369573
0.00443131
0.00352094
0.00393398
0.00344792
0.00475471
0.00391869
0.00255641
0.000202584
0.00217961
0.0012687
0.000338041
0.000122709
0.000106135
0.00400636
0.00491451
0.00412889
0.00324868
0.00196582
0.00129249
0.00146272
0.000398677
4.70493e-05
0.000151664
0.000175548
0.000186149
0.00227489
0.00342193
0.00348444
0.00250857
0.00289883
0.00134721
0.00296128
0.00180052
0.00297414
0.000533539
0.00250586
0.00242564
0.000126678
0.000555947
0.00015279
8.80703e-05
0.0001408
0.0018106
0.00191798
0.00288077
0.0038081
0.00315599
0.00162663
0.00103558
0.000303019
0.000161792
0.000142311
5.00659e-05
3.13644e-05
0.00393002
0.00281589
0.00410432
0.00199364
0.00485431
0.00192662
0.00156709
0.000804354
0.00314889
0.00283345
0.000891469
0.0013303
0.000194095
0.000126237
0.000144136
8.77226e-05
2.6181e-05
0.00287599
0.00368063
0.0022318
0.004812
0.000795644
0.00109679
0.000895297
0.00140536
0.000170652
0.000128403
3.89524e-05
0.00266223
0.00287866
0.00458371
0.00283766
0.00155167
0.00306822
0.00318348
0.00210276
0.000936002
0.00430287
0.000332447
0.000947224
0.000138191
0.00010717
6.85996e-05
4.24434e-05
0.00295933
0.00400553
0.00452762
0.0025898
0.00287979
0.000319294
0.000330459
0.000106029
0.000126258
0.00282772
0.00287399
0.00195474
0.00204243
0.00271932
0.000603182
0.00123318
0.00366466
0.00221461
0.000569032
0.000591666
0.000288024
0.00016984
0.000104005
0.00272551
0.00214095
0.00076855
0.00129437
0.000212534
0.000279049
9.50055e-05
0.00135488
0.00328521
0.00181577
0.00427581
0.0025474
0.00318897
0.00198965
0.000669422
0.00064733
0.000175968
0.000174663
0.000307685
7.04891e-05
0.000729643
0.000787902
0.000200594
0.000180027
0.00011228
0.00191635
0.000582892
0.00144961
0.00162091
0.00149814
0.000775227
0.000549466
0.00150635
0.000196604
0.00019512
0.000147126
0.000157091
0.000662345
0.000178633
0.00059679
0.000181317
0.000640975
0.000757265
0.00212728
0.000851697
0.000159011
0.000212941
0.000178923
0.00014769
0.000200296
0.000172372
0.000164396
0.000219557
0.000280957
0.000300492
0.000115159
0.000146177
0.000231357
0.000121554
0.000200635
5.95078e-05
0.000102796
0.000116045
0.000106961
6.5151e-05
8.58419e-05
0.000172248
0.000208662
0.000881427
6.6543e-05
3.26941e-05
7.79753e-05
2.64559e-05
3.06215e-05
0.00159811
0.00018864
4.22498e-05
0.00211793
0.00455944
5.56925e-05
0.000877093
0.00120877
0.00063788
0.00167305
5.03549e-05
0.00231552
0.00291868
0.000184666
0.000181004
0.000470798
0.000110078
0.000115086
0.00418674
0.00493826
0.0038408
0.0021711
0.00227301
0.00205455
0.000186807
0.000106429
0.00103541
0.000172637
0.00383996
0.000271294
0.00225409
0.00145993
0.00311567
0.00113129
0.000793074
0.000191923
0.000130701
7.18944e-05
0.00463041
0.00144116
0.001543
0.00126378
0.00159301
0.000809508
0.000556391
8.88891e-05
0.000131931
0.000224309
0.000325374
0.00382266
0.00426927
0.00292287
0.000893074
0.000782167
0.000284875
0.000127465
8.36815e-05
0.00229635
0.00172239
0.00373427
0.00264207
0.00478385
0.00236438
0.00185798
0.00197087
0.000213577
0.000125621
0.000968135
0.000111135
0.00471389
0.0043565
0.00342056
0.00203329
0.00038316
0.00012463
0.000178304
6.92878e-05
0.00348316
0.00247539
0.00305369
0.00448481
0.00362257
0.00158165
0.00310465
0.000266396
0.00032497
0.000505644
0.000154306
0.000123084
0.00243498
0.0034211
0.00336054
0.00363033
0.00230108
0.000144681
0.000173559
7.86494e-05
0.000682721
0.000176702
0.00273918
0.00465057
0.00194027
0.00183012
0.002781
0.00317265
0.00172663
0.00253879
0.00165056
0.000564475
0.000160925
0.000153205
0.00014582
0.00415763
0.00188738
0.00335962
0.00410263
0.00264179
0.00265117
0.000112005
6.04129e-05
0.000630336
0.000385257
0.00176821
0.0037342
0.00340575
0.00182889
0.00180622
0.00343309
0.00343777
0.00442127
0.00135274
0.00475655
0.00270916
0.00018338
0.00232523
0.00056213
0.000191592
0.000112391
6.67403e-05
0.00495665
0.0016585
0.00386844
0.00313476
0.00282913
0.00126617
0.000991077
0.00181197
7.88266e-05
0.000164128
0.000231405
0.00015029
0.00249615
0.00397642
0.00312296
0.0029603
0.00175249
0.00388349
0.00198039
0.00180618
0.00434525
0.00206701
0.0033042
0.00182319
0.000169363
0.00017853
0.000165745
0.000125873
9.87051e-05
0.0031559
0.00356383
0.00360791
0.00125647
0.00304921
0.00116978
0.00218114
0.000440345
9.63759e-05
0.000205767
0.000193576
2.56895e-05
0.00417456
0.00122815
0.00311197
0.00351696
0.00283136
0.00265479
0.00422656
0.00453151
0.00159715
0.00128821
0.000804232
0.00137299
0.000826686
0.000151827
0.00036663
0.000117071
1.95059e-05
0.00421366
0.00123708
0.00422864
0.00313417
0.00333536
0.000495042
0.000195385
0.000548133
0.000350259
0.00011327
4.37516e-05
0.00374055
0.0037937
0.00323092
0.00352261
0.00337387
0.00385082
0.00339718
0.00311611
0.00172697
0.000736914
0.000405382
0.0007271
0.000280109
0.000187456
0.000575506
3.50506e-05
0.00124774
0.00394551
0.00161425
0.00470889
0.00120284
0.00013483
0.000228949
0.000101826
5.38974e-05
0.00333972
0.00339154
0.00133683
0.00154774
0.00307551
0.00160811
0.00145054
0.00241646
0.00100715
0.00131073
0.000742494
0.000165259
0.000128935
8.79875e-05
0.00213531
0.00183166
0.00100416
0.000731085
0.000320156
0.000213302
7.76648e-05
0.00356801
0.00175693
0.00329806
0.0048451
0.00188461
0.00308226
0.00156153
0.000767518
0.000878409
0.000238624
0.00109261
0.000877913
0.000180996
0.000516626
0.00104717
0.00115498
0.000323366
0.000124907
0.00442518
0.000911269
0.00264802
0.003851
0.00135734
0.000689922
0.00045067
0.000851833
0.000419589
0.000344651
0.00015404
8.41031e-05
0.00028505
0.00022078
0.000210016
7.42611e-05
0.000387996
0.00138013
0.000710507
0.00124115
0.000472999
0.000144991
0.000190401
8.82591e-05
0.000399578
0.000480264
0.00011711
0.000172297
0.000172656
0.000226141
0.000480143
0.000133157
0.000459607
8.99387e-05
0.000227282
0.000103929
0.000350442
0.000174477
0.000343864
6.32253e-05
0.00010419
6.96979e-05
0.000141649
6.02293e-05
5.80481e-05
3.92267e-05
7.71031e-05
3.50912e-05
2.28286e-05
0.00242015
0.000258266
4.74e-05
0.00157048
0.00307384
6.78784e-05
0.000232358
0.000965015
0.000659375
0.00136394
3.67897e-05
0.00164867
0.00130946
0.000191727
0.000598256
0.000533635
0.000120036
6.22454e-05
0.00196005
0.0038071
0.0032311
0.00314599
0.000766395
0.00309302
9.81842e-05
0.000163003
0.000302525
0.000136047
0.00351498
8.82246e-05
0.00377964
0.0031123
0.00285512
0.000504867
0.000466795
0.000439056
0.000220982
8.16019e-05
0.00395628
0.00354732
0.00439398
0.00337626
0.00399891
0.000632148
0.000699141
0.00240433
0.000602516
0.000178779
7.66092e-05
0.00426755
0.00311481
0.00334
0.00174082
0.00485403
0.000396474
0.000157022
0.000274949
0.00359599
0.00283346
0.00249913
0.00243929
0.00155359
0.00412467
0.00258444
0.000925601
0.000261964
0.000184753
0.000567573
6.65393e-05
0.00210315
0.00254613
0.00411692
0.00243357
0.00023564
0.000457111
0.000177746
0.000124308
0.000941503
0.0015117
0.00371677
0.0018888
0.00153211
0.00370915
0.00176326
0.000213614
0.000121261
0.000733897
0.000152638
0.000113748
0.00305766
0.00254873
0.00307332
0.00146648
0.00164361
0.000152917
0.00017191
9.50128e-05
0.000836564
0.00015219
0.00336463
0.00175453
0.00120358
0.00155612
0.00193106
0.00288634
0.00262838
0.00322223
0.0016403
0.000735658
0.000131316
0.000551561
2.64454e-05
0.00379472
0.00357868
0.00419865
0.0041438
0.00479714
0.00158594
0.00036136
8.66282e-05
0.0010406
0.000143048
0.00311914
0.00192628
0.00343208
0.00123094
0.00290938
0.003425
0.00367187
0.0045649
0.00299585
0.00434615
0.00374751
0.000191648
0.00218863
0.00159372
0.000141718
0.000139936
8.84006e-05
0.00420596
0.00218221
0.00344202
0.00376674
0.00288824
0.00202825
0.000759415
0.000637715
4.85058e-05
9.34642e-05
0.000166224
6.17034e-05
0.00294369
0.000663937
0.0041393
0.00387173
0.00268622
0.00276082
0.0047231
0.00305673
0.00202911
0.00108504
0.00228703
0.00477678
0.000199827
0.000553234
0.000195113
0.0001238
4.12879e-05
0.00399493
0.00421101
0.00344731
0.00329944
0.00419604
0.000586174
0.000826578
0.000160114
7.31172e-05
0.000213221
0.00011575
2.79779e-05
0.00297605
0.00152301
0.004415
0.00403762
0.00306899
0.00420836
0.00379919
0.00354888
0.00270005
0.00216634
0.00124821
0.00128385
0.000172965
0.00016336
0.00010482
7.92812e-05
2.36712e-05
0.00493799
0.00131895
0.00434893
0.00333949
0.00135675
0.000725085
0.000288508
0.000455846
0.000117455
0.000117382
3.8146e-05
0.00216612
0.0007953
0.00395848
0.00206869
0.00309205
0.00303803
0.00330065
0.00373447
0.00114652
0.00170778
0.000311924
0.000456917
0.000107914
0.000346596
0.00016163
4.88384e-05
0.00406282
0.00368044
0.00121636
0.0013369
0.000802469
0.000134098
0.000345578
0.000198347
4.98537e-05
0.0029522
0.00264802
0.001573
0.00125949
0.0035478
0.00357847
0.00240198
0.002566
0.00369667
0.00096712
0.00124178
0.00105506
0.000138183
8.49618e-05
0.00244003
0.00212418
0.00103979
0.000466645
0.000195872
0.000200529
0.000173073
0.00211825
0.00314017
0.00255377
0.00443611
0.00174745
0.00468936
0.001819
0.00070243
0.000592352
0.00044869
0.000642607
0.000154274
6.90515e-05
0.000860595
0.0013204
0.0017591
0.000137572
0.000225227
0.0044073
0.000564581
0.00112221
0.00442564
0.00300182
0.00179298
0.00112016
0.000500262
0.000286792
0.000224116
0.000409739
7.38074e-05
0.000269428
0.000219339
0.000142146
0.000111878
0.000776812
0.000599709
0.0016153
0.000348629
0.00021564
0.000139635
0.000446539
6.74939e-05
0.000221566
0.000121434
6.27852e-05
0.000131859
0.000171149
0.000162852
0.000331756
0.000107466
0.00021001
0.000119998
0.000131083
6.173e-05
9.29162e-05
0.000102638
0.000296946
9.18663e-05
8.34554e-05
7.96011e-05
9.93704e-05
5.9673e-05
4.95508e-05
4.59573e-05
0.000636451
3.37391e-05
0.000107667
0.0025588
0.000478425
7.89812e-05
0.00455173
0.0025637
5.05057e-05
0.000100621
0.00122346
0.000188985
0.00101813
5.12194e-05
0.0015019
0.00142516
9.77812e-05
0.000114906
0.000775973
0.000113458
5.53065e-05
0.00321037
0.00345504
0.00449234
0.00278749
0.00182342
0.00148109
0.00010102
0.000102692
0.000474701
0.000175687
0.000549163
0.00014815
0.002895
0.00223356
0.0021032
0.000447509
0.0021762
6.94603e-05
0.000455218
0.000120989
0.00494149
0.00367371
0.00316994
0.00324774
0.00125987
0.000951682
0.000421674
0.000268892
0.000194351
0.000468112
0.000127722
0.00378116
0.00240272
0.00307415
0.000671048
0.000592386
0.000251238
0.000129273
0.00012615
0.00101707
0.00213592
0.00127229
0.00158179
0.00347852
0.00268028
0.00189642
0.000613767
0.000202485
0.000254971
0.00311143
0.00010543
0.00360215
0.00463565
0.00360167
0.00374383
0.00020675
0.000261223
0.000178848
9.04256e-05
0.000959627
0.00411531
0.00382445
0.00187953
0.00264324
0.00327339
0.00337087
0.00016563
0.00018021
0.000586332
0.000166702
0.000721152
0.00141933
0.00486775
0.0028186
0.00434418
0.00142631
0.000162065
0.000137699
8.4238e-05
0.00069386
0.000166106
0.00163582
0.00308418
0.00426848
0.00490442
0.00416026
0.00248377
0.00107703
0.00362359
0.00177875
0.000739054
0.000139966
0.000203243
0.000273253
0.00312547
0.00294257
0.00256976
0.00349162
0.00242514
0.00277106
0.000342429
0.000112289
0.00074382
0.000148529
0.00468988
0.00144472
0.00384891
0.00464203
0.00300516
0.00304731
0.00407014
0.00446508
0.00297256
0.00279307
0.0024062
0.000250293
0.00305796
0.000602406
0.000211509
0.000121607
6.41743e-05
0.00121563
0.00185134
0.00170789
0.00243058
0.00254805
0.00238903
0.00191407
0.0006239
0.000130136
0.000214453
0.000119414
3.50821e-05
0.00348629
0.00318837
0.00411969
0.00384189
0.00415265
0.00195342
0.00156182
0.00184408
0.00374771
0.00164146
0.00342158
0.00214206
0.000106315
0.000181095
0.000164589
6.11889e-05
3.72799e-05
0.00239887
0.00419105
0.00471836
0.0031852
0.00201972
0.000656389
0.00214673
0.000190411
8.20939e-05
9.4829e-05
4.29197e-05
1.83855e-05
0.00366043
0.00444262
0.00323898
0.0017017
0.00496824
0.00167819
0.00486538
0.0030697
0.00215238
0.00186097
0.000731225
0.00175608
0.000246582
0.000143572
0.000189907
5.32002e-05
2.02753e-05
0.0029006
0.00294493
0.00292941
0.00208341
0.00207069
0.000488685
0.000780588
0.000538076
0.00017206
0.000133173
7.86338e-05
0.00284753
0.00178264
0.00429582
0.00347742
0.00222316
0.0022318
0.00482607
0.00261679
0.00162691
0.00284849
0.000367744
0.00271315
0.000118716
0.000138191
6.97771e-05
3.37175e-05
0.001411
0.00311175
0.00227305
0.0011253
0.000839783
0.000110397
0.000147291
0.000207881
6.16775e-05
0.00390637
0.00230744
0.000888469
0.0026607
0.00404086
0.00249807
0.00390574
0.0025136
0.00237093
0.00072793
0.000471231
0.000164574
0.000143927
5.40824e-05
0.00191929
0.0015813
0.000752275
0.000524519
0.000166137
0.000183796
6.97521e-05
0.0045472
0.00014721
0.00120741
0.00191431
0.00397315
0.00222285
0.00151215
0.00073396
0.00260306
0.00027946
0.000248435
0.000265051
0.000114557
0.00209522
0.000548869
0.000333033
0.000349665
0.000127728
0.00129899
0.000449079
0.00148925
0.00207316
0.000982182
0.000572192
0.000891376
0.0007842
0.000145386
0.000243897
0.000280173
0.000110092
0.000242701
0.00014991
0.000167447
0.000128302
0.000435785
0.000336222
0.00166465
0.000375033
0.000745013
0.000188892
0.000545945
0.000311528
0.000106994
0.00014793
0.00027759
0.000162482
0.000184867
0.00020371
0.000227457
0.000197916
0.000374482
8.84691e-05
0.000201916
0.000236359
0.000107819
0.000181047
9.78025e-05
0.000139666
0.000125446
6.87612e-05
0.000342529
5.58869e-05
6.84879e-05
9.24195e-05
5.24554e-05
2.50029e-05
2.57956e-05
0.000946864
0.000155195
0.000128885
0.00124796
0.00376435
4.03946e-05
6.85805e-05
0.000397357
0.000523546
0.000894689
2.62637e-05
0.000907867
0.00164194
6.18156e-05
7.81984e-05
0.000728672
8.05221e-05
7.54108e-05
0.0016044
0.000744195
0.00270905
0.00137609
9.32153e-05
0.00122042
6.79101e-05
7.91646e-05
0.000308443
0.000122238
0.00109642
5.82084e-05
0.00181172
0.000963356
0.000807618
0.000319239
0.000281537
6.44531e-05
0.000114974
6.22772e-05
0.00199453
0.00481377
0.00185964
0.00149317
0.00109318
0.000433579
0.00137521
6.69111e-05
0.000634671
0.000170092
5.595e-05
0.00171273
0.00280667
0.00336766
0.000334555
0.000258278
0.000251217
0.000345402
6.96435e-05
0.000513046
0.00237723
0.00144433
0.00242569
0.00176602
0.00251071
0.00144792
0.000526776
0.0001439
9.25554e-05
0.000364692
5.34254e-05
0.00259728
0.00134329
0.00198742
0.00132309
0.000149245
0.000149404
0.000670749
6.61905e-05
0.000348669
0.00266018
0.00228211
0.00201918
0.000751689
0.00175348
0.000852964
0.000124613
0.000137555
0.000422275
0.00011942
6.34027e-05
0.0018148
0.0021708
0.00282426
0.00228183
0.00175619
0.000103435
0.000107547
0.000198562
0.00032993
0.000115689
0.00355122
0.00277052
0.0018151
0.00181536
0.00161971
0.00184798
0.00400463
0.00475895
0.00320553
0.000253872
0.000114015
0.00010883
6.46652e-05
0.00204621
0.00131686
0.00231064
0.00199028
0.00149247
0.0023622
8.81684e-05
0.000116496
0.000798908
9.31201e-05
0.0018945
0.00175807
0.00118438
0.00241378
0.00201489
0.00348279
0.00218176
0.0018781
0.00166894
0.00145289
0.00207462
0.000123679
0.00100231
0.000484993
0.000142562
9.93335e-05
5.97796e-05
0.00287415
0.00183971
0.00239999
0.00171346
0.00175965
0.00103347
0.00294633
0.000262501
0.000138142
6.12026e-05
0.000756216
3.7544e-05
0.00178361
0.00251812
0.00193284
0.00150348
0.00301825
0.00205075
0.00173498
0.000779912
0.00217126
0.000214041
0.0010129
0.000983814
7.95233e-05
0.000151238
8.10399e-05
4.13084e-05
6.51963e-05
0.000888435
0.00279186
0.00209275
0.000913806
0.0020203
0.000672345
0.000969018
0.00010931
4.9308e-05
9.21647e-05
4.90588e-05
2.37438e-05
0.00451104
0.00179239
0.00177556
0.00181943
0.00279566
0.00196996
0.00401733
0.00467144
0.00126512
0.00250693
0.000512766
0.000702608
0.000154976
0.000106161
9.2635e-05
4.4728e-05
2.20019e-05
0.00250085
0.00150054
0.00172979
0.00136613
0.000754193
0.000249673
0.000203778
0.00323822
0.000114623
7.09398e-05
2.62208e-05
0.00374267
0.000805124
0.00234101
0.00189712
0.00302608
0.00144043
0.00208702
0.00241248
0.00067324
0.00235618
0.000401889
0.000422255
8.62821e-05
0.000230391
5.47445e-05
3.82673e-05
0.00220838
0.00450204
0.00127712
0.0011284
0.00116361
0.000157106
0.000121383
0.00112496
3.63615e-05
0.00253772
0.00181834
0.00283232
0.00265318
0.00155023
0.00180852
0.00199875
0.00147522
0.00227334
0.000292549
0.00198796
0.000152669
6.9983e-05
3.76937e-05
0.00146637
0.00107659
0.000350634
0.000342653
0.00011914
9.58429e-05
0.000129868
0.00148541
0.00169944
0.000916571
0.00324882
0.00396319
0.00203236
0.000825556
0.000542026
0.00022028
0.000131554
0.000118652
0.0017227
0.000166126
0.000380158
0.000574408
0.000163905
0.000117059
6.00169e-05
0.0010582
0.000364445
0.000902052
0.0012772
0.000883034
0.000235894
0.00248156
0.000693488
0.000142943
0.000112367
0.000175697
6.373e-05
0.000117154
0.000180398
0.000103297
5.31764e-05
0.000422241
0.000206328
0.00083253
0.000167295
0.000125827
9.53615e-05
0.0001102
7.55238e-05
0.000127791
9.58093e-05
5.66649e-05
0.000107778
0.000171554
0.000233088
9.70106e-05
0.00030432
0.000109496
5.43748e-05
0.000195834
8.6192e-05
0.000122707
9.93362e-05
0.000102032
6.10335e-05
7.60107e-05
4.95944e-05
0.000148894
4.6013e-05
4.77624e-05
8.67587e-05
3.33007e-05
4.38653e-05
