1.0843e-021
1.1652e-021
1.2465e-021
1.3585e-021
1.5374e-021
1.8543e-021
2.365e-021
3.0183e-021
3.6562e-021
3.9796e-021
3.8868e-021
3.4836e-021
2.9969e-021
2.6041e-021
2.3458e-021
2.2197e-021
2.1967e-021
2.2874e-021
2.5403e-021
2.9453e-021
3.4453e-021
3.8962e-021
4.1895e-021
4.3569e-021
4.47e-021
4.5095e-021
4.4625e-021
4.41e-021
4.5102e-021
4.8269e-021
5.378e-021
5.9707e-021
6.4435e-021
6.7809e-021
7.2119e-021
7.7796e-021
7.987e-021
7.2672e-021
5.9521e-021
4.6579e-021
3.6832e-021
3.0106e-021
2.5443e-021
2.2628e-021
2.1134e-021
2.0156e-021
1.915e-021
1.7937e-021
1.6899e-021
1.6645e-021
1.7078e-021
1.771e-021
1.8178e-021
1.8463e-021
1.8023e-021
1.679e-021
1.5362e-021
1.4591e-021
1.4873e-021
1.6231e-021
1.8945e-021
2.4702e-021
3.7646e-021
5.7084e-021
6.3476e-021
4.3834e-021
2.3934e-021
1.3819e-021
9.4905e-022
7.7698e-022
7.306e-022
7.5993e-022
8.4281e-022
9.2292e-022
9.5833e-022
9.3697e-022
8.9404e-022
8.4109e-022
7.7558e-022
7.1163e-022
6.6307e-022
6.3811e-022
6.081e-022
5.7017e-022
5.3911e-022
5.1425e-022
5.0481e-022
5.1408e-022
5.276e-022
5.3686e-022
5.3727e-022
5.5002e-022
5.7941e-022
6.1268e-022
6.3486e-022
6.2934e-022
6.0185e-022
5.6937e-022
5.6475e-022
5.7233e-022
5.8042e-022
5.7525e-022
5.4681e-022
4.9746e-022
4.404e-022
4.0114e-022
3.7831e-022
3.5785e-022
3.4115e-022
3.2155e-022
3.0648e-022
2.9771e-022
3.039e-022
3.2117e-022
3.6008e-022
4.0557e-022
4.8326e-022
5.8911e-022
6.882e-022
7.6789e-022
8.2007e-022
8.3334e-022
8.6767e-022
9.8583e-022
1.1395e-021
1.1599e-021
9.4877e-022
6.6507e-022
4.5091e-022
3.2125e-022
2.3524e-022
1.8686e-022
1.475e-022
1.2729e-022
1.1113e-022
9.1857e-023
7.7878e-023
7.0383e-023
6.4786e-023
6.2033e-023
6.0315e-023
6.3117e-023
6.8965e-023
7.3565e-023
6.4975e-023
5.895e-023
4.8252e-023
3.6365e-023
2.9731e-023
2.2712e-023
1.7948e-023
1.4794e-023
1.1256e-023
1.0315e-023
9.7133e-024
9.5548e-024
4.3888e-024
4.6497e-024
5.7593e-024
5.9795e-024
5.9207e-024
3.584e-024
4.8332e-024
1.0693e-024
4.6142e-024
6.0919e-024
5.238e-024
6.4188e-024
5.0895e-024
2.9632e-024
5.9679e-024
4.8023e-024
9.3467e-024
6.1857e-024
8.5944e-024
9.5909e-024
9.6766e-024
1.1081e-023
1.038e-023
1.1984e-023
1.2508e-023
1.0958e-023
1.2969e-023
1.1821e-023
1.6904e-023
1.5219e-023
1.8343e-023
1.8273e-023
1.6366e-023
1.9119e-023
2.1775e-023
