-2.00000000000000000000000000000000000000000000000000
-0.87058413649334642769872516510076820850372314453125
-1.08988307215276569728246158774709329009056091308594
-1.60000000000000319744231092045083642005920410156250
-0.70108592761554688888026021231780759990215301513672
-0.85183475485118476111523477811715565621852874755859
-1.74689448487530785136812028213171288371086120605469
-1.26887156082461305395270301232812926173210144042969
-1.00000000000000000000000000000000000000000000000000
-1.25532447054199480795944054989377036690711975097656
-1.00000000000000000000000000000000000000000000000000
-2.00000000000000000000000000000000000000000000000000
-0.80000000000000159872115546022541821002960205078125
-0.60000000000000142108547152020037174224853515625000
-1.38354177667500310988657474808860570192337036132812
-1.14412566443260343973520321014802902936935424804688
-0.87819303150415017888974489324027672410011291503906
-0.97396382992915619958296247204998508095741271972656
-1.20000000000000284217094304040074348449707031250000
-0.48887727635732086683972852370061445981264114379883
-0.55172289650808137295712185732554644346237182617188
-0.69367695623873371069123550114454701542854309082031
-0.84326725555003290146771632862510159611701965332031
-1.00000000000000000000000000000000000000000000000000
-1.00000000000000000000000000000000000000000000000000
-1.75093064770153428177934529230697080492973327636719
-1.47543885494119053625183823896804824471473693847656
-1.21138162168914287342147417803062126040458679199219
-1.40337027853469997751290065934881567955017089843750
-1.19428449320013307932697443902725353837013244628906
-2.00000000000000000000000000000000000000000000000000
-0.29592030420726411765741659110062755644321441650391
-0.40000000000000124344978758017532527446746826171875
-0.20000000000000106581410364015027880668640136718750
-0.67446493777396876456720065107219852507114410400391
-0.48036026488033095604990307947446126490831375122070
-1.00399997268736651534482007264159619808197021484375
-0.74965349537920200617691079969517886638641357421875
-0.80000000000000248689957516035065054893493652343750
-0.38749613507736690998228823445970192551612854003906
-0.49925762712982618696244685452256817370653152465820
-0.67812708091732554205322003326728008687496185302734
-0.83997144829109959829338549752719700336456298828125
-1.00000000000000000000000000000000000000000000000000
-1.18207343665458131098944249970372766256332397460938
-1.14943915530511286959836070309393107891082763671875
-1.65756488119179890006194000307004898786544799804688
-1.41531048785802893164031956985127180814743041992188
-1.34782382251974608422528945084195584058761596679688
-2.00000000000000000000000000000000000000000000000000
-0.19707569817804537759542427011183463037014007568359
-0.10008958565627552872445704679194022901356220245361
-0.00000000000000088817841970012523233890533447265625
-0.28366924369189244758970858129032421857118606567383
-0.08818574006613344451466218743007630109786987304688
-0.44836737547541138937390314822550863027572631835938
-0.63315721806258851156457012621103785932064056396484
-0.40000000000000213162820728030055761337280273437500
0.09090598126191913597171634364713099785149097442627
-0.29033076024548337690234234287345316261053085327148
-0.37373744566700711766671361147018615156412124633789
-0.51971211525478511195075270734378136694431304931641
-0.67873408897033460362990808789618313312530517578125
-0.83873800688242328149613058485556393861770629882812
-1.00000000000000000000000000000000000000000000000000
-1.20761314051761470267365439212881028652191162109375
-1.38149226812260250696340335707645863294601440429688
-1.64552042383998964325542146980296820402145385742188
-1.18880625401445261246635709539987146854400634765625
-2.00000000000000000000000000000000000000000000000000
-0.10438083423137012317738481215201318264007568359375
-0.00423656965051207728967241905593255069106817245483
0.09807853875910182983588470051472540944814682006836
0.19999999999999928945726423989981412887573242187500
-0.08510208130912265411804895620662136934697628021240
-0.23216438723077428840646518892754102125763893127441
0.18715910527785850625548391690244898200035095214844
-0.00000000000000177635683940025046467781066894531250
0.33107204419602542788680921148625202476978302001953
-0.20869861554400151448795952546788612380623817443848
-0.36507015999666814209945187030825763940811157226562
-0.52016485612125351600809608498821035027503967285156
-0.67679122643559930239121058548334985971450805664062
-0.83773190208930481404081547225359827280044555664062
-1.00000000000000000000000000000000000000000000000000
-1.41855380714265510988525420543737709522247314453125
-1.71942209087851560767035152821335941553115844726562
-1.19078953266504750096999032393796369433403015136719
-1.36355151601048252274495098390616476535797119140625
-2.00000000000000000000000000000000000000000000000000
-0.01268439371610898674935796748286520596593618392944
0.08697801758172789277079317571406136266887187957764
0.19310523951676084042361480896943248808383941650391
0.29969190617799923437303277751198038458824157714844
0.39999999999999946709294817992486059665679931640625
0.17416481370500250247523865709808887913823127746582
0.37120279174631798380090685895993374288082122802734
0.39999999999999857891452847979962825775146484375000
0.52599473348186465138098810712108388543128967285156
0.56406005056635333261283449246548116207122802734375
-0.19768512966185539103669555061060236766934394836426
-0.07614357068763050184756480120995547622442245483398
0.05942280591809532414027117397381516639143228530884
-0.35714259349811594557166927188518457114696502685547
-0.20261870063694209509463917129323817789554595947266
-0.51045235317451875811656236692215315997600555419922
-0.67534958910765630069050757811055518686771392822266
-0.83742442128330696338167626890935935080051422119141
-1.00000000000000000000000000000000000000000000000000
-1.17673692057541545707977093115914613008499145507812
-1.65044727439906901977906272804830223321914672851562
-1.41564250538993419148425800813129171729087829589844
-2.00000000000000000000000000000000000000000000000000
0.18400636461430552870410792820621281862258911132812
0.18498345624188583524727391704800538718700408935547
0.28206484761126859872604200063506141304969787597656
0.39605469662097975147574402399186510592699050903320
0.49644096623662442580027231997519265860319137573242
0.59999999999999964472863211994990706443786621093750
0.58088703887377668433344979348476044833660125732422
0.79999999999999893418589635984972119331359863281250
0.73484157264694549560601899429457262158393859863281
0.76401411849568001688481899691396392881870269775391
-0.01534344387543680812702184823592688189819455146790
0.13088374949554315573863050303771160542964935302734
0.23615184864163590860997032905288506299257278442383
-0.31934131632273243805997253730311058461666107177734
-0.11812222457327249680592018421521061100065708160400
0.04401083048682961906816757391425198875367641448975
-0.51392453756175404677719598112162202596664428710938
-0.67577209888121236858182783180382102727890014648438
-0.36479457614011367994066858955193310976028442382812
-0.83805400031842547381444319398724474012851715087891
-0.68748762337258062515843448636587709188461303710938
-1.34919174144393871905833748314762488007545471191406
-1.00000000000000000000000000000000000000000000000000
-1.15084982827988158149423725262749940156936645507812
-1.66236713075047481957824402343248948454856872558594
-1.44001195632060219331549433263717219233512878417969
-2.00000000000000000000000000000000000000000000000000
0.35973459519495326608407026469649281352758407592773
0.33205927037141685920218492356070782989263534545898
0.49897435670165368737372091345605440437793731689453
0.69551990195215729340105781375314109027385711669922
0.59558687298290335920825100401998497545719146728516
0.79999999999999982236431605997495353221893310546875
0.86276857971810783087818208514363504946231842041016
0.92602049709911771202541785896755754947662353515625
1.19999999999999928945726423989981412887573242187500
0.99052990630662229865066592537914402782917022705078
0.96380162980741646006066503105103038251399993896484
1.59999999999999964472863211994990706443786621093750
0.18092003828999930759025005500006955116987228393555
0.35241577903309329045100639632437378168106079101562
-0.19901798854230237645346335284557426348328590393066
-0.01744148484811263583038609681352681946009397506714
0.18087582014188052781378246436361223459243774414062
-0.50205491991688866448839689837768673896789550781250
-0.29496821158022690223532435993547551333904266357422
-0.81960456828239691695614510535961017012596130371094
-0.60201039668274469729425391051336191594600677490234
-1.19657462078312093467502563726156949996948242187500
-1.00000000000000000000000000000000000000000000000000
-0.86299505359675732218960320096812210977077484130859
-1.35590266570271777979428406979423016309738159179688
-1.20749178623478004013236386526841670274734497070312
-1.62714011773112510184091661358252167701721191406250
-2.00000000000000000000000000000000000000000000000000
-2.00000000000000000000000000000000000000000000000000
0.50639294657722067061200732496217824518680572509766
0.50698976081023350293008888911572284996509552001953
0.68479780150420244133613323356257751584053039550781
0.67157163883715309538047222304157912731170654296875
0.81832299663838214964783901450573466718196868896484
1.00000000000000000000000000000000000000000000000000
1.00000000000000000000000000000000000000000000000000
1.11566653003914129094198415259597823023796081542969
1.40639050118338881922852579009486362338066101074219
1.25158413230203224841829978686291724443435668945312
1.73442919048144039706471630779560655355453491210938
2.00000000000000000000000000000000000000000000000000
0.34965128902272146760310533863957971334457397460938
0.51133485227908470616142722064978443086147308349609
0.36201986232072247418045662925578653812408447265625
-0.10557470565242539628503237736367736943066120147705
0.08428697397399831370279343900620006024837493896484
0.27119988356584689981332303432282060384750366210938
-0.40300547872643849300899887566629331558942794799805
-0.20360434788026338104316437238594517111778259277344
-0.69537069970138964958294991447473876178264617919922
-0.50597712426319074729974545334698632359504699707031
-1.00000000000000000000000000000000000000000000000000
-0.79999999999999982236431605997495353221893310546875
-1.11195275299745488517544345086207613348960876464844
-1.32046297302670545548153313575312495231628417968750
-1.61123609831737413244923118327278643846511840820312
-1.71820104958358266244999867922160774469375610351562
-2.00000000000000000000000000000000000000000000000000
0.66979110390505125494087224069517105817794799804688
0.67191249836457900279640398366609588265419006347656
0.83519859972040133566650865759584121406078338623047
0.83506890287692392416118991604889743030071258544922
1.00000000000000000000000000000000000000000000000000
1.14079835332526613456138875335454940795898437500000
1.19751564230203721983514242310775443911552429199219
1.17039027412234886149633439345052465796470642089844
1.36536922425498730149229231756180524826049804687500
1.65577977470459103415123536251485347747802734375000
2.00000000000000000000000000000000000000000000000000
0.51289482834917099474125734559493139386177062988281
0.67427418759040680384941879310645163059234619140625
0.49147956477751192361225207605457399040460586547852
-0.00837005743532572531184765551870441413484513759613
0.18503238807212626926279597228131024166941642761230
0.37893543621799108400693967269035056233406066894531
-0.30464609540338793980396303595625795423984527587891
-0.10506153848377570991790008747557294555008411407471
-0.59999999999999964472863211994990706443786621093750
-0.39999999999999946709294817992486059665679931640625
-0.94003553126952676954886101157171651721000671386719
-0.75635268157412793854632582224439829587936401367188
-1.09177347445626304889287894184235483407974243164062
-1.18096202039630870928021977306343615055084228515625
-1.37432270742256212869847331603523343801498413085938
-1.59999999999999964472863211994990706443786621093750
0.83473444887420744642270165059017017483711242675781
0.83645612025364668440374771307688206434249877929688
1.00000000000000000000000000000000000000000000000000
1.00000000000000000000000000000000000000000000000000
1.17341679689609135195382805250119417905807495117188
1.35499772255455264158285899611655622720718383789062
1.32417150424809726416697230888530611991882324218750
1.66679369054298232022404135932447388768196105957031
2.00000000000000000000000000000000000000000000000000
0.67563067336853910305194403917994350194931030273438
0.83784217694526219588624371681362390518188476562500
0.68753638441752595866773845045827329158782958984375
0.54570063104501342898799975955625995993614196777344
0.09369096846848368187465894152410328388214111328125
0.29045046575613747696920086127647664397954940795898
0.48504005446446640803515037987381219863891601562500
-0.19999999999999928945726423989981412887573242187500
0.00000000000000088817841970012523233890533447265625
-0.57705350877060346270752688724314793944358825683594
-0.33494323645703799607886708145088050514459609985352
-0.83271390420261115483668845627107657492160797119141
-1.00141008003241460677656959887826815247535705566406
-1.19999999999999928945726423989981412887573242187500
1.00000000000000000000000000000000000000000000000000
1.00000000000000000000000000000000000000000000000000
1.19528822381507326966243454080540686845779418945312
1.12463383451171194948869924701284617185592651367188
1.40163222559306799297473844490014016628265380859375
1.62461542174376272207325655472232028841972351074219
2.00000000000000000000000000000000000000000000000000
0.84172024388793753590931601138436235487461090087891
1.00000000000000000000000000000000000000000000000000
0.84931222859629806887227232436998747289180755615234
0.69133563117359142502493796200724318623542785644531
0.20000000000000106581410364015027880668640136718750
0.40000000000000124344978758017532527446746826171875
0.60000000000000142108547152020037174224853515625000
-0.11191904105411716596751858787683886475861072540283
0.09165358729189057584996191963000455871224403381348
-0.49689589972107300885895142528170254081487655639648
-0.22619042577561829232557499835820635780692100524902
-0.62046184817300820135699268575990572571754455566406
-0.79999999999999893418589635984972119331359863281250
1.16533143555517670897359039372531697154045104980469
1.12610858688132053906372220808407291769981384277344
1.37918866069055812140220496075926348567008972167969
1.67502458451596547561734951159451156854629516601562
2.00000000000000000000000000000000000000000000000000
1.00000000000000000000000000000000000000000000000000
1.17265132167206997948483149230014532804489135742188
1.00000000000000000000000000000000000000000000000000
0.86855360424910599270731381693622097373008728027344
0.80000000000000159872115546022541821002960205078125
0.30525080792070058421927569725085049867630004882812
0.50094175457170475596058167866431176662445068359375
0.67168999856914712864863759023137390613555908203125
-0.00203417138393888760963812423199215118074789643288
0.19979886045901557034554230085632298141717910766602
-0.20659241960615165600856357741577085107564926147461
-0.39999999999999857891452847979962825775146484375000
1.36205753124747031002073072158964350819587707519531
1.33690188195945269811204525467474013566970825195312
1.67718524866243079429750650888308882713317871093750
2.00000000000000000000000000000000000000000000000000
1.21083992994417721789091046957764774560928344726562
1.15049663424679482481849390751449391245841979980469
1.00000000000000000000000000000000000000000000000000
0.84072297288265207537705236973124556243419647216797
0.40449177081701070957109322989708743989467620849609
0.62979412679220359017051578121026977896690368652344
0.20362595895434440484983440455835079774260520935059
0.00000000000000177635683940025046467781066894531250
1.43018173645844082209066527866525575518608093261719
1.64684071552058952647712430916726589202880859375000
2.00000000000000000000000000000000000000000000000000
1.34944089466932037879587369388900697231292724609375
1.18970960672358727627795360604068264365196228027344
1.02921037543941684688775239919777959585189819335938
0.97358485062834820844557270902441814541816711425781
0.81362736849878913858447049278765916824340820312500
0.62927679072494657752656621596543118357658386230469
0.40000000000000213162820728030055761337280273437500
1.65229437255856059785230627312557771801948547363281
2.00000000000000000000000000000000000000000000000000
1.41814953318565195594658234767848625779151916503906
1.18896197268908476729620815603993833065032958984375
0.99540156363179776999317027730285190045833587646484
0.80000000000000248689957516035065054893493652343750
1.72144772807592127961129335744772106409072875976562
2.00000000000000000000000000000000000000000000000000
1.40451972887956832991562805545981973409652709960938
1.20000000000000284217094304040074348449707031250000
1.74415137509063811194209847599267959594726562500000
2.00000000000000000000000000000000000000000000000000
1.60000000000000319744231092045083642005920410156250
2.00000000000000000000000000000000000000000000000000
-2.00000000000000000000000000000000000000000000000000
-0.86437484108710371799588756402954459190368652343750
-1.26391062555266620037741631676908582448959350585938
-2.00000000000000000000000000000000000000000000000000
-0.82338392466828191906813572131795808672904968261719
-0.69849028076723651548007865130784921348094940185547
-1.71883825993986150137970980722457170486450195312500
-1.31657670491881018115520873834611847996711730957031
-1.00000000000000000000000000000000000000000000000000
-1.13616657307791069086988500203005969524383544921875
-0.79999999999999982236431605997495353221893310546875
-1.59999999999999964472863211994990706443786621093750
-1.00000000000000000000000000000000000000000000000000
-1.00000000000000000000000000000000000000000000000000
-1.59543656110201825804040254297433421015739440917969
-1.44742573493454451671880178764695301651954650878906
-1.23272148787446411688506486825644969940185546875000
-1.40731385403378728149448306794511154294013977050781
-2.00000000000000000000000000000000000000000000000000
-0.83814376019362590852779248962178826332092285156250
-0.69001781761162961359445944253820925951004028320312
-0.60300692207255246479746801924193277955055236816406
-0.50219288189140032230284305114764720201492309570312
-0.59999999999999964472863211994990706443786621093750
-0.39999999999999946709294817992486059665679931640625
-1.39875473859728871595109467307338491082191467285156
-1.27046342689523594771117132040672004222869873046875
-0.91247447155394600937228233306086622178554534912109
-1.02381175615212316465374442486790940165519714355469
-0.71443960081431234776516703277593478560447692871094
-1.19999999999999928945726423989981412887573242187500
-0.83567314989563634686220439107273705303668975830078
-1.00000000000000000000000000000000000000000000000000
-1.00000000000000000000000000000000000000000000000000
-1.21759462827791908878793947224039584398269653320312
-1.15710850834956180399615277565317228436470031738281
-1.65594680965111029635750128363724797964096069335938
-1.46161204052405468978292901738313958048820495605469
-2.00000000000000000000000000000000000000000000000000
-0.67342616598778992642593266282347030937671661376953
-0.50454422178120916786525640418403781950473785400391
-0.40431618725413381865152473437774460762739181518555
-0.30317741132570358297826373927819076925516128540039
-0.19999999999999928945726423989981412887573242187500
-0.49728474284067258892605423170607537031173706054688
-0.31580850435313179147556184034328907728195190429688
-0.99787276134588032139305369128123857080936431884766
-0.80042889927932958649137162865372374653816223144531
-0.59351707588256275016647123266011476516723632812500
-0.79999999999999893418589635984972119331359863281250
-0.66788434090052717362340217732707969844341278076172
-0.83433644428695075134783110115677118301391601562500
-1.00000000000000000000000000000000000000000000000000
-1.17583542131975726796611070312792435288429260253906
-1.12991161777918502906459252699278295040130615234375
-1.39805779548701791803466676356038078665733337402344
-1.71432811479524938036433923116419464349746704101562
-2.00000000000000000000000000000000000000000000000000
-1.18031450536423099251237545104231685400009155273438
-0.49851189537463791445759397902293130755424499511719
-0.36055247757665254138004229389480315148830413818359
-0.30197808659106778472747123487351927906274795532227
-0.20477012392576057764337349453853676095604896545410
-0.10362430758644881889640743111158371903002262115479
0.00000000000000088817841970012523233890533447265625
-0.13340183396091259693250208329118322581052780151367
-0.33467224253215899221203244451317004859447479248047
-0.58747207603025686228903623486985452473163604736328
0.08007063242743539532852992124389857053756713867188
-0.39999999999999857891452847979962825775146484375000
-0.49739611888011459051028850808506831526756286621094
-0.66796227097803306804735257173888385295867919921875
-0.83489772607756318478777757263742387294769287109375
-1.00000000000000000000000000000000000000000000000000
-1.36993456172252026092905907717067748308181762695312
-1.68999129342006004783627304277615621685981750488281
-1.35158144290176296387073762161890044808387756347656
-2.00000000000000000000000000000000000000000000000000
-1.23148728038447807797695077169919386506080627441406
-0.31180436249396137338152357187937013804912567138672
-0.19972967844096373157825041744217742234468460083008
-0.10593608720787603405533161549101350829005241394043
-0.00785292311341833151883129460202326299622654914856
0.09413915195281651049352689142324379645287990570068
0.20000000000000106581410364015027880668640136718750
-0.03064615911479443011167234089953126385807991027832
-0.18457530554278206436080722596670966595411300659180
0.29348627250939290922460145338845904916524887084961
0.18983972972716006699656077216786798089742660522461
0.00000000000000177635683940025046467781066894531250
-0.33577130642048458319948167627444490790367126464844
-0.50245493754185355239627597256912849843502044677734
-0.67066941587286343917639896972104907035827636718750
-0.83641836197406993491654247918631881475448608398438
-1.00000000000000000000000000000000000000000000000000
-1.65321599924434581296850410581100732088088989257812
-1.44453098211812869244852208794327452778816223144531
-2.00000000000000000000000000000000000000000000000000
-1.16063483403474876354266598355025053024291992187500
-1.36569539356004954200329848390538245439529418945312
-0.10803712480044333488216068417386850342154502868652
-0.19026749816392701797340691882709506899118423461914
-0.18326095967987707235913319436804158613085746765137
-0.01130655527700173343386147450928547186776995658875
0.04660377746671857945859329674931359477341175079346
0.08711351101650645356588853474022471345961093902588
0.18665475255350796879305619313527131453156471252441
0.29215276647146048993874956067884340882301330566406
0.40000000000000124344978758017532527446746826171875
0.49428642857632620888352903421036899089813232421875
0.19886121380053270457644032376265386119484901428223
0.39672084432543347487509777238301467150449752807617
0.40000000000000213162820728030055761337280273437500
-0.31712144048469448343041676707798615097999572753906
-0.15901503752959994519855513317452277988195419311523
-0.50835249263599202595997894604806788265705108642578
-0.67393070602966909099507120117777958512306213378906
-0.84435825929281682622473681476549245417118072509766
-1.00000000000000000000000000000000000000000000000000
-1.66844287891239795307285476155811920762062072753906
-2.00000000000000000000000000000000000000000000000000
-1.20599149622921664182229051220929250121116638183594
-1.43957351148811252272707861266098916530609130859375
-0.00812871470426508244133678715570567874237895011902
-0.06827332272900196730169852799008367583155632019043
-0.06520760942191998477124315058972570113837718963623
0.18582213252875709463829423384595429524779319763184
0.18198216573713096866349303581955609843134880065918
0.17734329131816267688392940726771485060453414916992
0.27529974661506972921642955043353140354156494140625
0.37907883648899859396763645236205775290727615356445
0.36351778339322038391401292756199836730957031250000
0.48326317032159044062566977117967326194047927856445
0.54424680231486655124228946078801527619361877441406
0.62177650063225953225298781035235151648521423339844
0.60000000000000142108547152020037174224853515625000
0.64678189215115344801176888722693547606468200683594
0.61005320400817608650356760335853323340415954589844
0.80394970405086796372273738597868941724300384521484
0.80000000000000248689957516035065054893493652343750
-0.35637919074202867308898134979244787245988845825195
-0.18031899138503815205325508941314183175563812255859
-0.49619148226738191143070366706524509936571121215820
-0.85185342754705495327272046779398806393146514892578
-0.69719073071562664978273460292257368564605712890625
-1.00000000000000000000000000000000000000000000000000
-0.87023750001640221007903619465650990605354309082031
-1.13799662568811310592309382627718150615692138671875
-2.00000000000000000000000000000000000000000000000000
-1.65608817064570112975729898607823997735977172851562
-1.33804012683046891218907603615662083029747009277344
-2.00000000000000000000000000000000000000000000000000
0.07706097718686293063239389766749809496104717254639
0.00396240917424768492732800595490516570862382650375
0.34902273449779169789408683755027595907449722290039
0.33839812040220940136947547216550447046756744384766
0.29553914299515993135969438299071043729782104492188
0.49530403418569551865502376131189521402120590209961
0.51018909445576554606560648608137853443622589111328
0.69792672815875889114067831542342901229858398437500
0.68420090105608599717612605672911740839481353759766
0.82596659194778698775962766376323997974395751953125
0.80000000000000159872115546022541821002960205078125
0.87056786876994363133519527764292433857917785644531
0.96001813675374714218690996858640573918819427490234
1.01288446008512100782184006675379350781440734863281
0.99792259752026379882039464064291678369045257568359
1.20000000000000284217094304040074348449707031250000
1.60000000000000319744231092045083642005920410156250
-0.28390836731178531460173530831525567919015884399414
-0.09248183842462658066363445641400176100432872772217
-0.55165541809978035914241445425432175397872924804688
-0.38537624659914843094909997489594388753175735473633
-0.69933407253495405431209519520052708685398101806641
-1.00000000000000000000000000000000000000000000000000
-0.80000000000000159872115546022541821002960205078125
-1.17605129036556510513378270843531936407089233398438
-1.70173459964615503281493147369474172592163085937500
-1.41099324747806154078944018692709505558013916015625
-1.73905569916650581951955700787948444485664367675781
-2.00000000000000000000000000000000000000000000000000
0.18533421577844974570403735469881212338805198669434
0.09694896828316613979215077279150136746466159820557
0.35065205639790120173415743920486420392990112304688
0.50620581843823575507457235289621166884899139404297
0.49460672643305175766315073815349023789167404174805
0.49478310220845839184633518925693351775407791137695
0.67171508184630390747571482279454357922077178955078
0.67046881283540604723469868986285291612148284912109
0.85491261569095777783644507508142851293087005615234
0.83960141814614019928342258936027064919471740722656
1.00000000000000000000000000000000000000000000000000
1.00000000000000000000000000000000000000000000000000
1.11821153789137772704975759552326053380966186523438
1.18672379383766157801005647343117743730545043945312
1.42471334399138882531588023994117975234985351562500
1.75316006726146444982816774427192285656929016113281
2.00000000000000000000000000000000000000000000000000
-0.19369056025801067999481119841220788657665252685547
0.00164409059069271605568740568514840560965240001678
-0.48951266193554204830817866422876249998807907104492
-0.29619826184629766130385064570873510092496871948242
-0.60000000000000142108547152020037174224853515625000
-0.85991989600381601999146141679375432431697845458984
-1.00206254042777387347484818747034296393394470214844
-0.69555164173114392145436113423784263432025909423828
-1.12627921927093899157057421689387410879135131835938
-1.39805069702124495911732537933858111500740051269531
-1.60000000000000319744231092045083642005920410156250
0.28636325292528869157493431885086465626955032348633
0.19675501749053056488314439320674864575266838073730
0.49598660200703081901707491851993836462497711181641
0.66724294082717028331330766377504914999008178710938
0.66547123372707683852667059909435920417308807373047
0.66915411694758120120241073891520500183105468750000
0.83429107087498277639525667837006039917469024658203
0.83316887056997734894991936016594991087913513183594
1.00000000000000000000000000000000000000000000000000
1.00000000000000000000000000000000000000000000000000
1.13235524590326752658597797562833875417709350585938
1.12573892549818044273024497670121490955352783203125
1.25909418963083807874170361174037680029869079589844
1.49027841532864924189993871550541371107101440429688
1.74674155226774674432022038672585040330886840820312
2.00000000000000000000000000000000000000000000000000
-0.09833934777987196618198595388093963265419006347656
0.09985184686149194133175654997103265486657619476318
-0.40000000000000124344978758017532527446746826171875
-0.20000000000000106581410364015027880668640136718750
-0.48134006709316679017973683585296384990215301513672
-0.84624362876760950147314588321023620665073394775391
-0.60608147138797674458032815891783684492111206054688
-1.00042485725172913824110310088144615292549133300781
-1.20000000000000284217094304040074348449707031250000
0.39637396509790323584354609920410439372062683105469
0.29905309619625369821349636367813218384981155395508
0.59861689763710568268351153164985589683055877685547
0.68510543265723389261268039263086393475532531738281
0.83327205946335369812771887154667638242244720458984
0.83376878011670152446299653092864900827407836914062
0.83471721236533180654504349149647168815135955810547
1.00000000000000000000000000000000000000000000000000
1.00000000000000000000000000000000000000000000000000
1.19570904019785917427043386851437389850616455078125
1.17715984849334653894459279399598017334938049316406
1.38177432314925963119378593546571210026741027832031
1.72180058985256168035959944973001256585121154785156
2.00000000000000000000000000000000000000000000000000
-0.00000000000000088817841970012523233890533447265625
0.19999999999999928945726423989981412887573242187500
-0.26342414083900062005128006603627000004053115844727
-0.07680565426881891255561640718951821327209472656250
-0.36732539015513154811998219884117133915424346923828
-0.63197559845057471594742537490674294531345367431641
-0.80000000000000248689957516035065054893493652343750
0.49832781955889493552547264698660001158714294433594
0.39999999999999946709294817992486059665679931640625
0.69592295842210771805724789373925887048244476318359
0.81793093830261942578374600998358801007270812988281
1.00000000000000000000000000000000000000000000000000
1.00000000000000000000000000000000000000000000000000
1.00000000000000000000000000000000000000000000000000
1.18190557271549412376998589024879038333892822265625
1.17433284897364154097942900989437475800514221191406
1.41256628310709109186404930369462817907333374023438
1.35083347708923584562512587581295520067214965820312
1.71200924836971557496667628583963960409164428710938
2.00000000000000000000000000000000000000000000000000
0.11578463179986314690594895182584878057241439819336
0.30940360975796288300898595480248332023620605468750
-0.05288465737591706294917770492247655056416988372803
-0.25343174139872753913849123819090891629457473754883
-0.40000000000000213162820728030055761337280273437500
0.59999999999999964472863211994990706443786621093750
0.49205277923074158819005674558866303414106369018555
0.79999999999999982236431605997495353221893310546875
0.86200200081881261926497472813935019075870513916016
1.00000000000000000000000000000000000000000000000000
1.17539100435352672491262637777253985404968261718750
1.16015699419107498613357165595516562461853027343750
1.13078327466061168138367065694183111190795898437500
1.38910726173674126115997751185204833745956420898438
1.31517724035859617792709741479484364390373229980469
1.63509398602300981551138647773768752813339233398438
2.00000000000000000000000000000000000000000000000000
0.31499449268595353101929390504665207117795944213867
0.59055424166432946009308579959906637668609619140625
0.16619576836967661637167736898845760151743888854980
-0.00000000000000177635683940025046467781066894531250
0.73736433127620437666394082043552771210670471191406
0.92768280774222200424361517434590496122837066650391
1.00000000000000000000000000000000000000000000000000
1.20587857585021862583118945622118189930915832519531
1.38703042353911243367292627226561307907104492187500
1.33049978862044904204253725765738636255264282226562
1.62402766748083693393311932595679536461830139160156
2.00000000000000000000000000000000000000000000000000
0.77720203300984125327488527545938268303871154785156
0.58849651630675392510738674900494515895843505859375
0.39999999999999857891452847979962825775146484375000
0.96903985842256035176944806153187528252601623535156
1.12454041562162498912869068590225651860237121582031
1.21714332743165187800116200378397479653358459472656
1.37675362891443353596798715443583205342292785644531
1.43832135189025711596855217067059129476547241210938
1.64198115478327477667619405110599473118782043457031
2.00000000000000000000000000000000000000000000000000
0.99465787091504143102582702340441755950450897216797
0.79999999999999893418589635984972119331359863281250
1.24523230352314029367732928221812471747398376464844
1.38583641215896014031727645487990230321884155273438
1.63658847724108058585557046171743422746658325195312
2.00000000000000000000000000000000000000000000000000
1.38263438514299652482009150844532996416091918945312
1.19999999999999928945726423989981412887573242187500
1.61867858685135579399627658858662471175193786621094
2.00000000000000000000000000000000000000000000000000
1.71915692594038271856504707102430984377861022949219
1.59999999999999964472863211994990706443786621093750
2.00000000000000000000000000000000000000000000000000
2.00000000000000000000000000000000000000000000000000
