-0.79541634884087397683316567054134793579578399658203
-1.90627941997995375977836829406442120671272277832031
-1.13335906621019222306756546458927914500236511230469
-1.23888463451646235746750335238175466656684875488281
-0.88812494702903443943853289965773001313209533691406
-0.78762170728477998160599327093223109841346740722656
-1.77294608664662023400637735903728753328323364257812
-0.95479161369570120232452836717129684984683990478516
-0.89591958858512854568800776178250089287757873535156
-0.94112797488942723234117693209555000066757202148438
-1.77142494034729303109543252503499388694763183593750
-1.45314633365179091128993604797869920730590820312500
-1.34263768846867348472073899756651371717453002929688
-1.07757382929148803896168828941881656646728515625000
-1.16554403780904336507262541999807581305503845214844
-1.30131532248697245890411977597977966070175170898438
-1.37288340484033266619690039078705012798309326171875
-1.86514552036733927131706423097057268023490905761719
-0.88717589495396920185044109530281275510787963867188
-0.78384850082451240638192757614888250827789306640625
-0.70829370916935685542625833477359265089035034179688
-0.70546955478415462881258690686081536114215850830078
-0.60123002824372973051936241972725838422775268554688
-0.69949676025574525350947396873380057513713836669922
-0.60022772088621212382975045329658314585685729980469
-0.50073096063046640402660614199703559279441833496094
-1.57253099951238328735314553341595456004142761230469
-1.57100985321305608444220069941366091370582580566406
-1.42155157553151423321935453714104369282722473144531
-1.39415889763868805495405922556528821587562561035156
-1.24106890163065219923055337858386337757110595703125
-0.90415815718464853656399782266817055642604827880859
-1.01621368154395219640662162419175729155540466308594
-1.02415093359465991795786976581439375877380371093750
-1.14348058537509000842646855744533240795135498046875
-0.70481320027143723461193758339504711329936981201172
-0.80897135745608605983392180860391817986965179443359
-1.39958491286576247603079536929726600646972656250000
-0.94604792006454196950926416320726275444030761718750
-0.89127230336308738145589813939295709133148193359375
-0.94522438329854541194663397618569433689117431640625
-1.07253154275930628891444484906969591975212097167969
-1.15010537205079432787613313848851248621940612792969
-1.05236950278318719398384928354062139987945556640625
-1.12490104554249370494289905764162540435791015625000
-1.75046112358437588873982804216211661696434020996094
-1.56626970189589087567583192139863967895507812500000
-1.50356213287314721682719209638889878988265991210938
-1.30397605222547929848531111929332837462425231933594
-1.50829090140298394118190117296762764453887939453125
-1.36721579414410188135775570117402821779251098632812
-1.88531560321703661742276381119154393672943115234375
-0.78241435869235076427941066867788322269916534423828
-0.73386258126434844584196071082260459661483764648438
-0.62266273512687619895444868234335444867610931396484
-0.59918965382179711909316210949327796697616577148438
-0.50317199707269544273202654949272982776165008544922
-0.50395577703596505791949766717152670025825500488281
-0.40179009773903440194686709219240583479404449462891
-0.40322882682374583396267553325742483139038085937500
-0.30105913710856740950205789886240381747484207153320
-0.49909491428022390024921151052694767713546752929688
-0.60390811455166149013251697397208772599697113037109
-0.30526950145104347900115726588410325348377227783203
-0.40436441573126791215742059648619033396244049072266
-1.19887583331438940525970338057959452271461486816406
-1.22236364227946836535920738242566585540771484375000
-1.09738264813107977424522232468007132411003112792969
-0.80911432388252935155037448566872626543045043945312
-0.94070447225911091315708745241863653063774108886719
-0.91223837566179954983169864135561510920524597167969
-0.60174713984584915493769585737027227878570556640625
-0.70279519199206819113356914385803975164890289306641
-0.99929092044862621868617225118214264512062072753906
-0.72566121892798451931128056457964703440666198730469
-0.89000319806086236607001183074316941201686859130859
-0.77929797836103809061114588985219597816467285156250
-0.94477881476231684310107539204182103276252746582031
-1.05861180710658575598870356770930811762809753417969
-1.11098130988977294997255285124992951750755310058594
-1.04330387259306167635486417566426098346710205078125
-1.10191567969964743234356774337356910109519958496094
-1.24366724171877907068051172245759516954421997070312
-1.25758697737149960360625300381798297166824340820312
-1.35908815476299715818697677605086937546730041503906
-1.79009164148211974421087688824627548456192016601562
-1.61062898832347145550158984406152740120887756347656
-1.52466598360210747742371495405677706003189086914062
-1.90477603826508312678811307705473154783248901367188
-1.10340870771447185916258604265749454498291015625000
-0.61327413408765163449487545221927575767040252685547
-0.55882742771454563257549352783826179802417755126953
-0.45453619824416652273058048194798175245523452758789
-0.40361283187547025708141745781176723539829254150391
-0.38902492864964310914643874639295972883701324462891
-0.30408790750186598383919545085518620908260345458984
-0.30368813259032068074816379521507769823074340820312
-0.20226723963738391098843294457765296101570129394531
-0.20385728094597097004303520861867582425475120544434
-0.10120810252881573543248805435723625123500823974609
-0.11113394465363700402971147696007392369210720062256
-0.21640344610468120745139231075881980359554290771484
-0.38258849657532112420454950552084483206272125244141
-0.26129419361540107136221422479138709604740142822266
-0.47515802041846477710151930295978672802448272705078
-0.79511494579204522459292547864606603980064392089844
-0.79525791221848884937628554325783625245094299316406
-0.50522046481499283121507914984249509871006011962891
-0.66047268373071643665639385289978235960006713867188
-0.01777706717782543549555285267160797957330942153931
-0.59582402534341805111495204982929863035678863525391
-0.55459745171842644850812575896270573139190673828125
-0.72339435205517021998389282089192420244216918945312
-0.61108091025289157371958026487845927476882934570312
-0.88974472345483790469700124958762899041175842285156
-0.77906548044751566806098708184435963630676269531250
-1.06010483512141018280772186699323356151580810546875
-0.94496590869252106159592585754580795764923095703125
-1.22672022828864535348714071005815640091896057128906
-1.22522720027382092666812241077423095703125000000000
-1.31460925950976514897661218128632754087448120117188
-1.80143980273843640205200244963634759187698364257812
-1.60079240123410926344149629585444927215576171875000
-1.48599455020986592757026301114819943904876708984375
-1.30061016999617140577072404994396492838859558105469
-1.89666376447335327526388937258161604404449462890625
-1.13726726191623628281490709923673421144485473632812
-1.25446107621682401145335461478680372238159179687500
-0.43590412558290458910903453215723857283592224121094
-0.39028957848175060973971994826570153236389160156250
-0.28742008086956133405820423831755761057138442993164
-0.29069550617052586360955501731950789690017700195312
-0.20422809924156812289020024309138534590601921081543
-0.20254795074663584086849255072593223303556442260742
-0.10541578487520922302600467901356751099228858947754
-0.10618637808235163733083794568301527760922908782959
-0.00316171854454380674148694652103586122393608093262
-0.00577935958235021533108133340306267200503498315811
0.09335687747581243589589661269201315008103847503662
0.09804638398427280299163300014697597362101078033447
-0.02799245354942387492558353301319584716111421585083
-0.16624007853595534900392749477759934961795806884766
-0.39068246052434585369184105729800648987293243408203
-0.36890654136839928778357489136396907269954681396484
-0.18329790239657850481336254233610816299915313720703
0.19118563497894311420388646638457430526614189147949
0.18779887822132945718323071560007520020008087158203
0.07975473434660033944521018156592617742717266082764
-0.19485843518092629822469064038159558549523353576660
-0.38165726259818683052671417499368544667959213256836
-0.55593777580000036664387152995914220809936523437500
-0.44520745428081753836124789813766255974769592285156
-0.72450980430948641597410642134491354227066040039062
-0.61369554146424998286590835050446912646293640136719
-0.89043869601721103990144001727458089590072631835938
-0.78066183464149885296023967384826391935348510742188
-1.07716242679482610000718523224350064992904663085938
-0.94547278732468997830551415972877293825149536132812
-1.78106909755480202761646069120615720748901367187500
-1.57104728479564204057794540858594700694084167480469
-1.45824400128954301258943360153352841734886169433594
-1.34253323513478983741720185207668691873550415039062
-1.48310947475474574908105296344729140400886535644531
-1.88440533308144853030796639359323307871818542480469
-1.13070737147307553982500394340604543685913085937500
-1.25260583599309205382610343804117292165756225585938
-1.34723788535421862277985383116174489259719848632812
-0.20652372191178947069545301928883418440818786621094
-0.27928105569279099151813738899363670498132705688477
-0.20336966181944390874569705829344457015395164489746
-0.23643325475476290042919913503283169120550155639648
-0.10565744030861382030117567865090677514672279357910
-0.10635778617280292057678536821185844019055366516113
-0.02424663420357549628580962064461346017196774482727
-0.00889183310159596951294247446639928966760635375977
-0.01004304382279043797443485175335808889940381050110
0.09098032713096870782720770876039750874042510986328
0.08863844681886536014392419247087673284113407135010
0.19543063947475933228581368439336074516177177429199
0.19098222365926165178251494580763392150402069091797
0.29782875750313175799988130165729671716690063476562
0.29738425549048758123049651658220682293176651000977
0.39592423369524010201558894550544209778308868408203
0.00476196941925080552415749934880295768380165100098
-0.00545341695234793401303452498041224316693842411041
0.11935159480429945177970552094848244450986385345459
0.39483118180371751249069234290800523012876510620117
0.26180726261770875806789149464748334139585494995117
0.29334894885399548369875333264644723385572433471680
0.19962040460017882459453630872303619980812072753906
-0.38511589481567753967539147197385318577289581298828
-0.27871790219501868524076826361124403774738311767578
-0.21979914589805712998860087736829882487654685974121
-0.56049228201690293182934965443564578890800476074219
-0.44264295688751331692145640772650949656963348388672
-0.72700616129220074768113590835127979516983032226562
-0.61765087151284148170304888481041416525840759277344
-0.89359220708896214269145730213494971394538879394531
-0.78490244243218521003058185669942758977413177490234
-1.05354494467824943981781871116254478693008422851562
-0.94811941976427216438594314240617677569389343261719
-1.77388629271891451466558464744593948125839233398438
-1.58872995342495748616329365177080035209655761718750
-1.49288975153019198849335680279182270169258117675781
-1.88948095963746576231301332882139831781387329101562
-1.12220877675465513512165216525318101048469543457031
-1.24410724127467164912275165988830849528312683105469
-1.33708680042579297619909084460232406854629516601562
-1.49123726132018652457134066935395821928977966308594
-0.02318735401266328044478370884462492540478706359863
-0.12721905751602305412184534816333325579762458801270
-0.10214444588954514625545044737009447999298572540283
-0.13684977331282632828646228517754934728145599365234
-0.08655433237104803723127588455099612474441528320312
-0.09749865656017395187937779610365396365523338317871
0.08720969608942059914102884476960753090679645538330
0.07370645157282464110526376543930382467806339263916
0.13813602524420220962753091953345574438571929931641
0.07348574283319482536303013375800219364464282989502
0.11706558078367618191961696538783144205808639526367
0.18302267006169470331400361828855238854885101318359
0.18274513005344442118094150373508455231785774230957
0.28596211850465563797385470934386830776929855346680
0.28034444521919210657756593718659132719039916992188
0.27487988751234904150066995498491451144218444824219
0.39180531226435066916025107275345362722873687744141
0.38483159109401643416248361972975544631481170654297
0.46886293637515180643404733018542174249887466430664
0.50426125784467301649272030772408470511436462402344
0.49809547619210958746549522402347065508365631103516
0.49442105677386433137954213634657207876443862915039
0.58035610690916028531205483886878937482833862304688
0.58761494045324635937532775642466731369495391845703
0.40297147260290361314716278684500139206647872924805
0.40187842071138074606651002795842941850423812866211
0.54285018298862297569939983077347278594970703125000
0.67859313623043449048566344572464004158973693847656
0.60335106800272686466968252716469578444957733154297
-0.39395104128757169048569153346761595457792282104492
-0.28460654087058712136126814584713429212570190429688
-0.21881848979977749913850004759297007694840431213379
-0.13484721277885269863361372699728235602378845214844
-0.55949156031101432429153419434442184865474700927734
-0.45364105521513420349322132096858695149421691894531
-0.89873722894662388949171827334794215857982635498047
-0.79780080585183266173032734513981267809867858886719
-0.73849323201270422600828169379383325576782226562500
-0.62243763967089260624732105497969314455986022949219
-1.06866383207640547325922852905932813882827758789062
-0.95061780918235161408347266842611134052276611328125
-0.90736364252115242479135304165538400411605834960938
-1.11466270730577665659666308783926069736480712890625
-1.88536272354856704325243299535941332578659057617188
-1.77484368318603280556544632418081164360046386718750
-1.58803485368207031314113919506780803203582763671875
-1.22734274958259947929661848320392891764640808105469
-1.47790060298809411420961623662151396274566650390625
-1.32786837818259928489794674533186480402946472167969
-0.01880665165468634048018259363743709400296211242676
0.08209185126692017386851318860863102599978446960449
0.00021964658453195928453083318743210838874801993370
-0.08052139721090348367660283201985293999314308166504
0.00527192564639687721861349700702703557908535003662
0.29945421680658973473398987152904737740755081176758
0.23894234425455990189490762531931977719068527221680
0.28980100687904403189421032038808334618806838989258
0.23257452581916765455005702278867829591035842895508
0.27042685157184398470064934372203424572944641113281
0.18331447050006183241421808816085103899240493774414
0.47287655766318681394011491647688671946525573730469
0.38322753909658791027226243386394344270229339599609
0.37804052139799515508400418184464797377586364746094
0.45633697067822709403372982706059701740741729736328
0.40757653744892585745418500664527527987957000732422
0.59372996616011686210612197100999765098094940185547
0.57514556693173857215839461787254549562931060791016
0.64212481050990377617893045680830255150794982910156
0.57458391251888263351332852835184894502162933349609
0.69817499491039991532659314543707296252250671386719
0.75056426554363808723024931168765760958194732666016
0.68226063071705211893203113504569046199321746826172
0.75758282803298060414931569539476186037063598632812
0.69930890938625389630090012360597029328346252441406
0.78949819897623463305080804275348782539367675781250
0.86331147758413395720822336443234235048294067382812
0.93295639626221826823382343718549236655235290527344
0.80265860050948067971887667226837947964668273925781
0.80397516852643580165249659330584108829498291015625
0.92063014610829285722104486922034993767738342285156
0.99930753250675630194876930545433424413204193115234
-0.37882634677373194787008969797170720994472503662109
-0.27353551647961737991465724917361512780189514160156
-0.18556973237381665930989527169003849849104881286621
-0.08961280687847235359999586989943054504692554473877
-0.58167921036092962161490049766143783926963806152344
-0.47774104898877023384073936540517024695873260498047
-0.38849203205943855232717965009214822202920913696289
-0.80714166669947040588795061921700835227966308593750
-0.74945941026587858946328424281091429293155670166016
-0.64939340711678705808651557163102552294731140136719
-1.04599887522937096129282963374862447381019592285156
-0.95674583333880069968557791071361862123012542724609
-0.89007916667213460293339721829397603869438171386719
-0.78985719085045258402999479585560038685798645019531
-1.10468263868455940368562551157083362340927124023438
-1.21736268096138244843018583196680992841720581054688
-1.90057819988205167760497715789824724197387695312500
-1.78594092343061872085741015325766056776046752929688
-1.58960533925663916043902190722292289137840270996094
-1.46837384831807726826014004473108798265457153320312
-1.30836155489136518603743297717301174998283386230469
-1.81359676627088672873355790216010063886642456054688
-1.91301856638883505112858074426185339689254760742188
0.08878586737985344479184846022690180689096450805664
0.18597811198682417943572886542824562638998031616211
0.00280984634426241454072115111273433285532519221306
0.09541519774528785247103002120638848282396793365479
0.27717513839050361701410452042182441800832748413086
0.45513921579726429600398773800407070666551589965820
0.39787555777941224777194406669877935200929641723633
0.44640355509116558252458162314724177122116088867188
0.37618132994347364128628896651207469403743743896484
0.42830965721222336028972677013371139764785766601562
0.38032476720050650831339567048416938632726669311523
0.61707333902936178926523780319257639348506927490234
0.55906940349592160188763045880477875471115112304688
0.61745766304582516692533999957959167659282684326172
0.56228790857646904211009086793637834489345550537109
0.80780240420655324840026878518983721733093261718750
0.74568008163526755538441648241132497787475585937500
0.79290497829772788040969544454128481447696685791016
0.73183913368284336797842115629464387893676757812500
0.87532219731592952882692770799621939659118652343750
0.94628368401096918383075262681813910603523254394531
0.89018928958998166933724860427901148796081542968750
0.95685595625664787711173175921430811285972595214844
0.90849349482030028468670934671536087989807128906250
1.04369866599216609692746260407147929072380065917969
1.10593993060471995626414809521520510315895080566406
1.04822150937055735830938374419929459691047668457031
1.05320879689217639096909806539770215749740600585938
1.40823778133046495497637806693091988563537597656250
1.20754531383721852577650679450016468763351440429688
1.20311991178310462302647465548943728208541870117188
1.59262447041761867616571635153377428650856018066406
1.78438668908715580840862457989715039730072021484375
-0.28765839138964810484111467303591780364513397216797
-0.19002692199814086304598959031864069402217864990234
-0.09484276936398150503748638584511354565620422363281
0.00203707348307742563964239934648503549396991729736
-0.58016738419009217242461318164714612066745758056641
-0.47551477554482363130361477487895172089338302612305
-0.39036239012699602834999268452520482242107391357422
-0.29175502290115223891220352925301995128393173217773
-0.69977802417831891368393826269311830401420593261719
-0.59628224482349911905743056195206008851528167724609
-0.88663996533460587290420562567305751144886016845703
-0.95399414547719663115543653475469909608364105224609
-1.05937127693111299286954363196855410933494567871094
-0.69851721391038223973879439654410816729068756103516
-0.78515717924498718005565933708567172288894653320312
-1.10146435002142606407460334594361484050750732421875
-1.23777458570485521249793237075209617614746093750000
-1.61294699861130186313573631196049973368644714355469
-1.50359284804848702954416239663260057568550109863281
-1.31177438792341516382577992771985009312629699707031
-1.77968523305550307966882428445387631654739379882812
-1.57903546539591799202639776922296732664108276367188
0.18954881232896819698297008471854496747255325317383
0.27411650836721318524880075528926681727170944213867
0.09844935878812979823671014401043066754937171936035
0.19335574623299511820562202046858146786689758300781
0.37766730377674018193090432760072872042655944824219
0.44714058687113011902880543857463635504245758056641
0.61463919070027062119265792716760188341140747070312
0.55601849523281920983919235368375666439533233642578
0.60910696699576627466399258992169052362442016601562
0.55162035412286225533051720049115829169750213623047
0.60980281762770549569552258617477491497993469238281
0.55330794038769015585899069264996796846389770507812
0.78186919028914214635506141348741948604583740234375
0.72549165518556413267958760116016492247581481933594
0.77930958476012190949688829277874901890754699707031
0.72362687474418452282520775042939931154251098632812
0.95163753856365251859728005001670680940151214599609
0.89817134461236591835842091313679702579975128173828
0.94653380604871339976114086312009021639823913574219
0.89129749634037414018905565171735361218452453613281
1.04411841530108917552865932520944625139236450195312
1.08352226126488160318217524036299437284469604492188
1.04191297516606007356188001722330227494239807128906
1.08603139046714924909053934243274852633476257324219
1.16988699114182770344427808595355600118637084960938
1.18800984045329238725230425188783556222915649414062
1.36723851771923321507529180962592363357543945312500
1.31203213293238296621723293355898931622505187988281
1.64153832117353326580655448196921497583389282226562
1.55391110386259478914894316403660923242568969726562
1.91772002242048800191298596473643556237220764160156
1.83330053984307017600485778530128300189971923828125
-0.19607605662806007473797365037171402946114540100098
-0.09679527248239662429174501312445499934256076812744
0.00105219655743756597583715706178963955608196556568
0.09941698498090506541657873640360776335000991821289
-0.49650422064518151543666135694365948438644409179688
-0.39523697459394702136137311754282563924789428710938
-0.29873275394876663835219687825883738696575164794922
-0.19817920320872353667773779761773766949772834777832
-0.49378002236438978123089782457100227475166320800781
-0.59229723627477071090652316343039274215698242187500
-0.80057172216752303661735368223162367939949035644531
-0.90274202173306639096495018748100847005844116210938
-0.99152846282210738149132112084771506488323211669922
-0.59432439340409581873814204300288110971450805664062
-0.71595891396224331515441008377820253372192382812500
-1.17491825784797088161326428235042840242385864257812
-0.99098256843009246974673942531808279454708099365234
-1.39935023234041677753225485503207892179489135742188
-1.19949185142432557249492219852982088923454284667969
0.29316407850457415484868306521093472838401794433594
0.39290794001007423030813470177236013114452362060547
0.19855332018275873018353649968048557639122009277344
0.29739402626156247189115333640074823051691055297852
0.49699248824734654217394336228608153760433197021484
0.61674871720394852658841955417301505804061889648438
0.59323631076712346477108894760021939873695373535156
0.77789462362016703611544699015212245285511016845703
0.72199541133920019930769740312825888395309448242188
0.77750402443571076105399697553366422653198242187500
0.72279804359711974370839016046375036239624023437500
0.77921336980987143672194861210300587117671966552734
0.72965892065671555943850989933707751333713531494141
0.94476369029166085145021725111291743814945220947266
0.88915331381498663443352370450156740844249725341797
0.94438962352332578298330645338864997029304504394531
0.88881364334444357133691028138855472207069396972656
1.06523634673261957672707467281725257635116577148438
1.10714932189867987233355961507186293601989746093750
1.05905328283111543896666262298822402954101562500000
1.12428962956373501569373729580547660589218139648438
1.21328949818356912615513465425465255975723266601562
1.23440742961509974939815492689376696944236755371094
1.25774125289445493081075255759060382843017578125000
1.37704897603624898394514275423716753721237182617188
1.65294018581631929620812115899752825498580932617188
1.53128444277682351781777470023371279239654541015625
1.91558051742258217409187182056484743952751159667969
1.82284738070676954890814158716239035129547119140625
-0.09944644925995796413964455950917908921837806701660
0.00050416636053969565711696532162022776901721954346
0.09995061562049678549612963252002373337745666503906
0.19963498101924831429343498712114524096250534057617
-0.28780804694633432827544083920656703412532806396484
-0.38158806931072286605655108360224403440952301025391
-0.09226855142294027034566283873573411256074905395508
-0.18007659836927353280700003779202233999967575073242
-0.37069653269576630094661595649085938930511474609375
-0.48491564287875832395258157703210599720478057861328
-0.82621469482330434086492232381715439260005950927734
-0.69476689953538683930389652232406660914421081542969
-0.53512748666456100288257857755525037646293640136719
-1.00014161908391141508900545886717736721038818359375
-0.81080015190076870634783290370251052081584930419922
0.39791829361768393802378795953700318932533264160156
0.49777289409796787733597511760308407247066497802734
0.29968436539875076274341836324310861527919769287109
0.39912697191838264476615449893870390951633453369141
0.59762255853936940841464320328668691217899322509766
0.77925119444172830096562165635987184941768646240234
0.70415693145394420149330017011379823088645935058594
0.70055108953231959301177766974433325231075286865234
0.94442401982111778835360382799990475177764892578125
0.88901361319335170385613764665322378277778625488281
0.94458959337223380448023135613766498863697052001953
0.88949533082734433264704421162605285644531250000000
0.94490573745511052816681285548838786780834197998047
0.88421605022265037376882901298813521862030029296875
1.06063519090516455989359201339539140462875366210938
1.11968847373628022090485956141492351889610290527344
1.05811094965788043964494136162102222442626953125000
1.11874614056304499953853337501641362905502319335938
1.26181172393276552767815701372455805540084838867188
1.33001654881806996577608970255823805928230285644531
1.23663296609935891012810316169634461402893066406250
1.31351986956322441812972101615741848945617675781250
1.60519472045717881414361727365758270025253295898438
1.50211661820868869199330219998955726623535156250000
1.90726686328418715277166484156623482704162597656250
1.81126994607409241844209191185655072331428527832031
0.10526154393328718272826449720014352351427078247070
0.01299299251034777627489269491434242809191346168518
0.30313453658598721318639945820905268192291259765625
0.20839608051927510645739971550938207656145095825195
-0.00463522661495761184591302139779145363718271255493
-0.13103815082791220314462066198757383972406387329102
-0.22787806279001640574755072066182037815451622009277
-0.41757757666814460106863293731294106692075729370117
-0.22454726297659202693957070096075767651200294494629
-0.61065853281685977815840260518598370254039764404297
-0.42846911328310144373432422071346081793308258056641
0.49944260651963134911568431562045589089393615722656
0.59808359266033406242968339938670396804809570312500
0.49735092641024691850759609224041923880577087402344
0.40048546299623455357874490800895728170871734619141
0.69864098614070235804263120371615514159202575683594
0.78597498641364005322884622728452086448669433593750
0.79195196584784655069455538978218100965023040771484
0.93931031276753973457971369498409330844879150390625
0.89331097970714401501624024604097940027713775634766
1.05846366811784209360780550923664122819900512695312
1.11657461777572275529735179588897153735160827636719
1.05338566473035832871119055198505520820617675781250
1.11184933284820042231899606122169643640518188476562
1.04359442488687048644635524397017434239387512207031
1.09698008961722881515754579595522955060005187988281
1.24844856114195890128826249565463513135910034179688
1.30728210384715692882195980928372591733932495117188
1.22163369789525466657664765079971402883529663085938
1.29287245035632625267396633716998621821403503417969
1.58655650583327201275096740573644638061523437500000
1.45834490828299556675062831345712766051292419433594
1.46616458207311217698531891073798760771751403808594
1.90400308278990504362582214525900781154632568359375
1.78236774479757498212961763783823698759078979492188
0.37215029389155263039867804764071479439735412597656
0.24672757808125983514102586013905238360166549682617
0.12596482236996653369942578137852251529693603515625
0.46586717119367482276004466257290914654731750488281
-0.04670687680165598598680531949867145158350467681885
0.14276853455990434760281004855642095208168029785156
-0.21781058046624379720412889582803472876548767089844
-0.02907865767635089970788442315097199752926826477051
0.71245477709206794791896300012012943625450134277344
0.60980570350231522169792697241064161062240600585938
0.60665711739042504913044240311137400567531585693359
0.82168237967280877143139150575734674930572509765625
0.90922760258074053485444210309651680290699005126953
0.88733400027293740652822862102766521275043487548828
0.95400066693960416941422408854123204946517944335938
1.06862619195007280126219484372995793819427490234375
1.11222061683694350975315501273144036531448364257812
1.24085947402790464089150646032067015767097473144531
1.29253288941707844550421668827766552567481994628906
1.20714668582404516250505821517435833811759948730469
1.22238721304375963505606250691926106810569763183594
1.29256240211687867258660844527184963226318359375000
1.54940963841352896679381956346333026885986328125000
1.44207844379284844116284602932864800095558166503906
1.44277072319205812434006475086789578199386596679688
1.87836466200766993850379549257922917604446411132812
1.75304055116794854640716039284598082304000854492188
0.70170686865012499300320314432610757648944854736328
0.35656225912079464457349331496516242623329162597656
0.49801508355234558322877091995906084775924682617188
0.65208426366030813881025096634402871131896972656250
0.18873192278989114889498068805551156401634216308594
0.38489742822547634570895525030209682881832122802734
0.87802899914699561456643550627632066607475280761719
0.82786874090286866056942471914226189255714416503906
1.01740774112128229411666779924416914582252502441406
1.00708769392880248538801879476523026823997497558594
1.14100730109395676059591551165794953703880310058594
1.11389458101775895570995089656207710504531860351562
1.26659184406543467993344620481366291642189025878906
1.34031785221830301857437461876543238759040832519531
1.32489990545364166862896126986015588045120239257812
1.55101308193440790006434326642192900180816650390625
1.45317045564761193610081591032212600111961364746094
1.47026743176466001550295459310291334986686706542969
1.87467588916027882994796982529805973172187805175781
1.75533627408803694081029789231251925230026245117188
0.78678547341054549946193219511769711971282958984375
0.91363325411581430834928596596000716090202331542969
0.59616550543558377572850304204621352255344390869141
0.79438479574059805976560255658114328980445861816406
1.11293752585577498948055108485277742147445678710938
1.06964334428691398848343396821292117238044738769531
1.32657778950168170339907192101236432790756225585938
1.24250671840407900248237638152204453945159912109375
1.25186971043457506702623049932299181818962097167969
1.57229699463820393745550063613336533308029174804688
1.46639283943815801336540971533395349979400634765625
1.48388781934859026456763331225374713540077209472656
1.88066038492775811086232806701445952057838439941406
1.75952321067478489879931657924316823482513427734375
1.20750818652705937950031511718407273292541503906250
0.99821929030501321822299587438465096056461334228516
1.19243075201934578544182841142173856496810913085938
1.54703449208379884005637450172798708081245422363281
1.41551509183916413014969748473959043622016906738281
1.41658243417781859463389082520734518766403198242188
1.87886282574702678793698851222870871424674987792969
1.75175568803081205260241404175758361816406250000000
1.57348996597824486443073510599788278341293334960938
1.39421146171433174565379431442124769091606140136719
1.56726377036112629603792356647318229079246520996094
1.87289286228378504262082060449756681919097900390625
1.77927850426391276350557291152654215693473815917969
1.77305230864679397306815644697053357958793640136719
1.90638564198012749884014738199766725301742553710938
