0.01367429075945017329096753400108354981057345867157
0.05623234801202725563484818849246948957443237304688
0.02757188541344222573736821857437462313100695610046
0.01578893235364331806835913596387399593368172645569
0.01294158635066536798541303454612716450355947017670
0.01133754103995639715696253091437029070220887660980
0.05062110302493847552307570936136471573263406753540
0.01356251589128951856588756186283717397600412368774
0.01294076497699812693109588934703424456529319286346
0.01766160753317182544042118763627513544633984565735
0.06014395433834194421018892739994043949991464614868
0.02489555462151980119722693984840589109808206558228
0.01499517370333791621561658757855184376239776611328
0.02327214878744622572614986211192444898188114166260
0.02653193776926653785208642943871382158249616622925
0.01698622823578811724676285166424349881708621978760
0.01452574763512200564652410150756622897461056709290
0.08091268777959642610753121516609098762273788452148
0.01799372373556643034397950486891204491257667541504
0.01525300773738269555224178475327789783477783203125
0.01707345406191004139051514698621758725494146347046
0.01596403571212810443280538663657353026792407035828
0.01511395543533206736741547615565650630742311477661
0.01481652451488153776626433000274118967354297637939
0.01496413381907829749650762352075616945512592792511
0.01567327444499672442490556534266943344846367835999
0.04026762699261729472333115609217202290892601013184
0.05840064183982818235563172493129968643188476562500
0.05065851402696482097542940437051584012806415557861
0.03144557273701777122543177256375201977789402008057
0.01894576675310121957607201181872369488701224327087
0.02113816216891430468938217757113307015970349311829
0.02556526012322948848698445090121822431683540344238
0.01902693432488065938823496026088832877576351165771
0.02230649879808409286052750530870980583131313323975
0.01942844932001332527993220367079629795625805854797
0.01996897081802612855527812030231871176511049270630
0.04981387045969318250193680341908475384116172790527
0.01618562398063742163722977807083225343376398086548
0.01572543553542854466442690863914322108030319213867
0.01643268501043637988545675909790588775649666786194
0.02175946282779192900158626855500187957659363746643
0.02311454504286231462217848786622198531404137611389
0.01571085083495619288962430459832830820232629776001
0.01886601949432217123492350197011546697467565536499
0.07122128945051788007081228215611190535128116607666
0.03533171221587419474907676431030267849564552307129
0.02055151683241119436873489689787675160914659500122
0.02428791773985796570434203545119089540094137191772
0.02870092476779961473964952745063783368095755577087
0.02218152636813433206675050257672410225495696067810
0.06881063806977799623965097453037742525339126586914
0.01576646747306582885261860837999847717583179473877
0.01268447823486939553261354518554071546532213687897
0.01479462125113215065219662847084691748023033142090
0.01544688998713563896081346626942831790074706077576
0.01564492612366678511715001320681039942428469657898
0.01854911832510661856554534665519895497709512710571
0.01576452446585614036722589048622467089444398880005
0.01627143342158184416423871709866944001987576484680
0.01600285517089005196678108688956854166463017463684
0.01820734366545814775228961934772087261080741882324
0.02039619654538076323757600505359732778742909431458
0.01494391553051130187845796370993411983363330364227
0.01493359237184987281521486579549673479050397872925
0.05920215146935726979737779629431315697729587554932
0.04923083897235014383397810888709500432014465332031
0.03228345493417821010506685297514195553958415985107
0.02115034209881957658061502058899350231513381004333
0.02823649975778204368470625240661320276558399200439
0.02210818256846212512267690897260763449594378471375
0.01740920152067047463328997025655553443357348442078
0.01996488028228346825465600034021917963400483131409
0.06848702376164027272320566908092587254941463470459
0.01570131939911608570659140582392865326255559921265
0.01615423117088940138663666346019454067572951316833
0.01636303844552961656022560532619536388665437698364
0.01656635557130494221245164965239382581785321235657
0.01758354213197573998050948773652635281905531883240
0.01620336631567170782020070873841177672147750854492
0.01299116177791851539646827973228937480598688125610
0.01526525715570147510857790251748156151734292507172
0.02339671664307075779620781474932300625368952751160
0.02435225415458588255068761441179958637803792953491
0.03437025365528878495524622849188745021820068359375
0.05783992409578415233584181009973690379410982131958
0.04345836020325618415105495273564883973449468612671
0.04177183920448453158247303917960380204021930694580
0.05713437704095018082606216580643376801162958145142
0.01385545559587182153082896007845192798413336277008
0.01638438915911297200089791203936329111456871032715
0.01797907863808158313023710661582299508154392242432
0.01466328263433698195217225190845056204125285148621
0.01709139040764165451413703067373717203736305236816
0.01418570773460635543739005726138202589936554431915
0.01611700716492379253930167237740533892065286636353
0.01583660141074574520536621946575905894860625267029
0.01603072873598902423064593847357173217460513114929
0.01602701793399275917439972261036018608137965202332
0.01612619931175768642206413971962319919839501380920
0.02076131405176149039015776054384332383051514625549
0.01699787048257623070512956076072441646829247474670
0.02074826075220293983281116823036427376791834831238
0.02171270724453375905449448168837989214807748794556
0.02307181203864526811142532380927150370553135871887
0.07145943873506893639913073457137215882539749145508
0.04852163243443135404175947655858180951327085494995
0.03842685070451170442629162948833254631608724594116
0.03100245174009724075103733298419683706015348434448
0.02090540800515465133524450891400192631408572196960
0.07089591523200212963562449886012473143637180328369
0.01579942276030935066621907481021480634808540344238
0.01604546021167348873737168446496070828288793563843
0.01644201193827837109706635487782477866858243942261
0.01638652882888926715088118157837016042321920394897
0.01651192921412323461050064565824868623167276382446
0.01803145053642311174124657213724276516586542129517
0.01651022739224369817456761211360571905970573425293
0.02141534844167915924151301965139282401651144027710
0.02353106968577772448170115637822163989767432212830
0.03804691603073853678473881245736265555024147033691
0.06011334175281962677317437737656291574239730834961
0.06116246662824801477720271236648841295391321182251
0.05606481759131352882175036711487337015569210052490
0.02419794232951023166267034980592143256217241287231
0.06200174131598805427056930739126983098685741424561
0.02444403426008827720505856007093825610354542732239
0.01810348331945347416516156613397470209747552871704
0.01731358434859199199595813922769593773409724235535
0.01341728980871236334704299508757685543969273567200
0.01199186797282597756464372906748394598253071308136
0.01305974639357447564247394211633945815265178680420
0.01556548782790648580154346802828513318672776222229
0.01518130506511411285941459681225751410238444805145
0.01585201802568357923317599045276438118889927864075
0.01551649426025286139518843953055693418718874454498
0.01599799328183773572398251872073160484433174133301
0.01596539975672392475125604960339842364192008972168
0.01888062540144527789998107891733525320887565612793
0.01622680979106953455537443176126544130966067314148
0.02348126934021821377029937139013782143592834472656
0.03016159062730888740233581302163656800985336303711
0.06448208874841383775322611882074852474033832550049
0.06252921018943531639155963830489781685173511505127
0.04858832849769114531346403396128152962774038314819
0.02026603045312853901283034474545274861156940460205
0.01853783461650123504105280858311743941158056259155
0.02228320812955504950925167406694527016952633857727
0.05611558182429692009929311780069838277995586395264
0.01693922264522223705696113427165983011946082115173
0.01606636567455407491045171752830356126651167869568
0.01569610710063787037404914315175119554623961448669
0.01633318145005411420322971594032424036413431167603
0.01645422385745328244799345895899023162201046943665
0.01656591999071618109828918363746197428554296493530
0.01662756182909174221262738058157992782071232795715
0.02314872803844782861437678889160451944917440414429
0.01635816380259302177391234067727054934948682785034
0.06725175183264839318120209554763277992606163024902
0.06232006824117501675441843644875916652381420135498
0.04094244822412052703386464713730674702674150466919
0.01773960687636999891680922303294209996238350868225
0.02836087456485363381131215021468960912898182868958
0.06935680015113089569300797165851690806448459625244
0.02011920446870499312730373731028521433472633361816
0.02133398828282235745734674026152788428589701652527
0.02212537771381403728376824346923967823386192321777
0.01654886530877635805736325380621565273031592369080
0.01349994660615212380139205095019860891625285148621
0.01283591539663197708676101171931804856285452842712
0.01008502661664645132233442126334921340458095073700
0.01498349098079916966175240133907209383323788642883
0.01540615568508632397815016901176932151429355144501
0.01209070947533410871066461567124861176125705242157
0.01559464544041014658071198084599018329754471778870
0.01527614634664986592582636149018071591854095458984
0.01572561616211839638501679417004197603091597557068
0.01610864022736243836297909126642480259761214256287
0.01608192138362156756170584515075461240485310554504
0.01606273097797693630295334799029660644009709358215
0.01907895326650476536256562098969880025833845138550
0.01625755787166931892739896170496649574488401412964
0.01840688592021625519246086355451552662998437881470
0.06015743235230908841915109519504767376929521560669
0.05237332643538343546207869394493172876536846160889
0.03187633429337100726685960694339883048087358474731
0.02330061370362061096139782989666855428367853164673
0.02944168811894739071211013481388363288715481758118
0.02057012131699905918558179962474241619929671287537
0.06991054512018625433089624721105792559683322906494
0.01732191020803568876074152171895548235625028610229
0.01432629307373069552089539513417548732832074165344
0.00991412614393047224303767706032886053435504436493
0.01609526910215993214525731502817507134750485420227
0.01836417723074409286132535612523497547954320907593
0.01664552429000364097699815602027229033410549163818
0.01661612727199106992470589716504036914557218551636
0.01569404877963304426047308481884101638570427894592
0.01636720211982766945424394577912607928737998008728
0.01606348340347489231372257734165032161399722099304
0.01556417407071833229614821192399176652543246746063
0.06880299761687175275071126634429674595594406127930
0.04393855405331510005639827909362793434411287307739
0.02985680783329417234406299996862799162045121192932
0.06631142421752046767213784050909453071653842926025
0.01845235461101962098906525966413028072565793991089
0.02054986698297775818411459169965382898226380348206
0.02227523068183582394263808623691147658973932266235
0.02964622251251317758269365754131285939365625381470
0.01434519402157233454453422183405564283020794391632
0.01213294824232826092658132921542346593923866748810
0.01356852440983495958204407827452087076380848884583
0.00635264299999182841666156562610012770164757966995
0.01055615493211554782593264434353841352276504039764
0.00485903101059865800276371672339337237644940614700
0.01697107797920302182936858059747464722022414207458
0.01413600384749840420395283757670767954550683498383
0.01378258999618601869652234626073550316505134105682
0.01498886256896536824101406892850718577392399311066
0.01517323999476870646785364726838452043011784553528
0.01534288227305725081650589203263734816573560237885
0.01815360057048816255775847139375400729477405548096
0.01557126358421343642612910684874805156141519546509
0.01554976052216371258662963583674354595132172107697
0.01525477145223363105441816145457778475247323513031
0.01550099307374534947367994419664682936854660511017
0.01547408372443199488233123162217452772893011569977
0.01279159871805293606505937731299127335660159587860
0.02364187278874420317098525856636115349829196929932
0.01767369205754155958576490093037136830389499664307
0.01619459996815746788412226919717795681208372116089
0.01210748082680010613565446675465864245779812335968
0.01479946255806772852092745296204157057218253612518
0.07066786774207964305638540736254071816802024841309
0.04945414932635559118745405271511117462068796157837
0.03485143538144619412832980742678046226501464843750
0.02905843811015180327972373675038397777825593948364
0.06752657384990509714661754969711182639002799987793
0.01487756949525763025543589890276052756235003471375
0.01492613815923352418857383838712848955765366554260
0.01163722192432936272665777721613267203792929649353
0.00744344646543785692233141659812645229976624250412
0.01865086035950445919606721645322977565228939056396
0.01600995585148598174263234739100880688056349754333
0.01510439985529806426745036418424206203781068325043
0.01502053510690732479604392324290529359132051467896
0.01583539675262121693144479195325402542948722839355
0.01892930398815746359519884833844116656109690666199
0.02059914962292168361113198216116870753467082977295
0.01481465724529451577495819947216659784317016601562
0.01142827433209830587101940579941583564504981040955
0.01747539693143124878149663459225848782807588577271
0.06878236587085982678413387247928767465054988861084
0.06926354325613552631590863484234432689845561981201
0.04574611114738250106093175872956635430455207824707
0.02040651230971974455785655777617648709565401077271
0.03312791976522053843945414541849459055811166763306
0.02481437841742858280147387972647265996783971786499
0.00757283428823854205119703308923817530740052461624
0.01567250470041372731322404376896884059533476829529
0.01213061987689413590008058463354245759546756744385
0.01000860992219193904007035200720565626397728919983
0.01018054519974863694753430820583162130787968635559
0.01439946570388661584161127393599599599838256835938
0.01665055724205453252517727946724335197359323501587
0.01473557808825570747401911830820608884096145629883
0.01291362094899272359993513958897892734967172145844
0.01465308813251047295733719977306463988497853279114
0.01495361915244177060391184141963094589300453662872
0.01502707611433768720987647071751780458725988864899
0.01841948776973312967841778231559146661311388015747
0.01588105827603278688564536480498645687475800514221
0.01466715468522564354281190190931738470681011676788
0.01266340300746571743972790358156998991034924983978
0.01845881633719851158681457548027537995949387550354
0.01559800039603857248204921148726498358882963657379
0.01581322090616612066615864762297860579565167427063
0.01506777948774720363167567427353787934407591819763
0.01834160125302760832588511163976363604888319969177
0.02317366886813360116192939130996819585561752319336
0.01508498282798817133332214268648385768756270408630
0.01701792369191591422494802543496916769072413444519
0.01803954317176032287606268766921857604756951332092
0.01335733214497896413630595446875304332934319972992
0.01807052929803813420828184632682678056880831718445
0.01415889779858163673165183382707255077548325061798
0.06882435724047358815980146573565434664487838745117
0.03970718605948946738903870823378383647650480270386
0.02275986066736053123338301418243645457550883293152
0.07457197645377504346964059322999673895537853240967
0.01529773017435327210622464377820506342686712741852
0.01391317608019535141672395894829605822451412677765
0.01671695705907844109461279913375619798898696899414
0.01522418900676613881528531635467516025528311729431
0.01599593117287320329089617132467537885531783103943
0.01508249670484356277921911271278077038004994392395
0.01790869794960341793155222944733395706862211227417
0.01388314072583057313947652033903068513609468936920
0.01711738946310649087112487620743195293471217155457
0.01630359045044131247048646571329300059005618095398
0.01379966256881132169453962887928355485200881958008
0.01297624999835979113516071237199867027811706066132
0.01372314202818910970627097611895806039683520793915
0.01328753336330683147703535240680139395408332347870
0.01449288889837883204103619050329143647104501724243
0.01824985403536611566766012515472539234906435012817
0.05965308007076904756038615573743300046771764755249
0.06672890809047130056264052200276637449860572814941
0.05692075687096895958427822392877715174108743667603
0.04478937539125797673289497424775618128478527069092
0.02884828556140036498467438264015072491019964218140
0.04530843581080696430563037324645847547799348831177
0.05218886016669888050500958343036472797393798828125
0.01545120603122872825208045099998344085179269313812
0.01843444090836317619808149004256847547367215156555
0.01485006657077047979853556824991756002418696880341
0.01454024991612321536516017062012906535528600215912
0.01463233689249839909740646959335208521224558353424
0.01507083286387955571583585623329781810753047466278
0.01476677682115272102758574135350500000640749931335
0.01541899303327063340540714619919526739977300167084
0.01766942374129553544603865589124325197190046310425
0.01861266857921646880602573048690828727558255195618
0.01555691693297221560310372723279215279035270214081
0.01817168974090965088974414243239152710884809494019
0.01752901313621036891166049542789551196619868278503
0.01603691052432597644039624640299734892323613166809
0.01535993264009286041194002336851553991436958312988
0.01412978531094641679310974780037213349714875221252
0.01793221337542204307791138262473396025598049163818
0.01545112198076068615870681810520181898027658462524
0.01606226061571405100414366984296066220849752426147
0.01965746207831193734238972581351845292374491691589
0.01932163027825397477732494166957621928304433822632
0.01370049464032415537095843660608807113021612167358
0.01294321312300564762176602329191155149601399898529
0.01134109043876007846818332325256051262840628623962
0.01154273618661361480719484973178623476997017860413
0.01425368343321836185622064618883086950518190860748
0.03141719361424105683155971746600698679685592651367
0.01588600984820293104959887386939954012632369995117
0.07775278033652524567465036398061783984303474426270
0.08117349520739351731446475923803518526256084442139
0.06394213481123060816013747853503446094691753387451
0.05446935050788510868091663041923311538994312286377
0.05635979008328301231856016784149687737226486206055
0.01574086194560964102606703818310052156448364257812
0.01561244940625178441451215149982090224511921405792
0.01600772356643971258693959214269852964207530021667
0.01541623072410754774486107976372295524924993515015
0.01525430557477499941831933227831541444174945354462
0.01291521516101513597507555175525340018793940544128
0.01580897080860560813264648061249317834153771400452
0.01574943489469429400151589959477860247716307640076
0.01816770033616180168856146792677463963627815246582
0.01822170136909420645743296063301386311650276184082
0.01407983533252650173994702242907806066796183586121
0.01397920700521989960385393914066298748366534709930
0.01726715840015549674468786633951822295784950256348
0.01703902741223490072131063755023205885663628578186
0.01245796217862758965833069879636241239495575428009
0.01968582989406634370377346954228414688259363174438
0.03271527011908691162656026563126943074166774749756
0.05446377563719270037401187778414168860763311386108
0.05975998842642732400420868543733377009630203247070
0.05680375011918175481850923347337811719626188278198
0.05311416190371150841675884635151305701583623886108
0.05074881198474091859029755369192571379244327545166
0.01538152767181735422474808672177459811791777610779
0.01286874218267399644366477673429471906274557113647
0.01577776693497503351926170012120564933866262435913
0.01535367129482183637390058095206768484786152839661
0.01512507700020243074645609482331565232016146183014
0.01592922132499563492302740996819920837879180908203
0.01587676903932607949676558689589001005515456199646
0.01585113209848537305091120686029171338304877281189
0.01661205246327491363844686134143557865172624588013
0.01595950657688682133850122113472025375813245773315
0.01670714690354454384779714359865465667098760604858
0.01914036591168628495540637857175170211121439933777
0.01662695681093310715037425495665956987068057060242
0.01627020915606023493404919122440333012491464614868
0.01629150185225528707499975666905811522156000137329
0.01604125840880222739204263859846832929179072380066
0.01450873843090423435941982432950680959038436412811
0.01446942904419050088260512154647585703060030937195
0.01603985818538599533722432965987536590546369552612
0.01642799342246352087282268428225506795570254325867
0.01323552459032676341388334861903786077164113521576
0.01095301310999729181572259761878740391694009304047
0.01257389254981805537525474392168689519166946411133
0.01169243439833582941245193609347552410326898097992
0.01196737212656703679136693807549818302504718303680
0.01537900030436232384767336611730570439249277114868
0.06073264747494249576886815589205070864409208297729
0.02966200751106371630294589181175979319959878921509
0.05612957927141432046269642341940198093652725219727
0.06151357350295605375123386693303473293781280517578
0.04936798654770715305550865537043137010186910629272
0.04282079102914541218760646756891219411045312881470
0.01633370085637913388110220580529130529612302780151
0.01600843658275349565278666830181464320048689842224
0.01622100775480041223719496201738365925848484039307
0.01593616119117748780587007217945938464254140853882
0.01648014002795988169891572283631830941885709762573
0.01593504666931117377814963731452735373750329017639
0.01649310971230762146166881620956701226532459259033
0.01633263083314244121235780937695380998775362968445
0.01734167968960915323650695540891319978982210159302
0.01839437907125635041083455689658876508474349975586
0.01740143468483588973239051256314269267022609710693
0.01561127278857700126368790449760126648470759391785
0.02285833172222457784772409183915442554280161857605
0.01633546797344373469051959091302705928683280944824
0.01984522949720386383876125080405472544953227043152
0.05923400359183406127527860007830895483493804931641
0.04285743856939948359663361543425708077847957611084
0.06884404505908185700757684344353037886321544647217
0.06734477122000612214769432739558396860957145690918
0.01616796507712920175081627860436128685250878334045
0.01823457062274487852637783191767084645107388496399
0.01622057844706636595133453226935671409592032432556
0.01625625200418779822686410341248119948431849479675
0.01921460975183108405017762265742931049317121505737
0.01533677064634642386864449292716017225757241249084
0.01575665620545283265863112376337085152044892311096
0.01649408599584783682856503617131238570436835289001
0.01614562990696067484863718277665611822158098220825
0.01653088864297313706486214357482822379097342491150
0.01612258238548902253284289542989426990970969200134
0.01605811080047217509481072283961111679673194885254
0.01295882679980218422921556253868402563966810703278
0.01657089291250173762604092075889639090746641159058
0.01659518853860965023616635960479470668360590934753
0.01668311294300228037057465257930743973702192306519
0.01657363201400065266799543906017788685858249664307
0.01957090401978593338649936583806265844032168388367
0.01674245019718592283886060556596930837258696556091
0.01771598484933466916002586799550044815987348556519
0.02204948477019383346053871264302870258688926696777
0.02326204057400530628152424128529673907905817031860
0.02562496925659131508101751251160749234259128570557
0.02572408371321283429566939560118044028058648109436
0.03541607444146845778965015938410942908376455307007
0.04540787029849094325051339637866476550698280334473
0.05005464071162660927294396628894901368767023086548
0.05065168954645069693265568844253721181303262710571
0.04939552462326218112975695362365513574331998825073
0.01652655511257927062329642353688541334122419357300
0.01629243448506945482479046916068909922614693641663
0.01635438797463534613130242689749138662591576576233
0.01621966707435852639296314237071783281862735748291
0.01952882238150734431347821384861163096502423286438
0.01978465262832780624524531276620109565556049346924
0.01246338345117120778582364692965711583383381366730
0.01598159941763900235289774798275175271555781364441
0.02361905642782585398875561111253773560747504234314
0.02282808115651496772002815305313561111688613891602
0.05418894800186414839604509552373201586306095123291
0.03567852069183033436594598697411129251122474670410
0.03686929506618825264085970161431760061532258987427
0.06664126189140359701745808251871494576334953308105
0.06561159562525739619154308002180187031626701354980
0.01635103467300475302281803635651158401742577552795
0.01618830433723839057336135738296434283256530761719
0.01621578230547379359527404574237152701243758201599
0.01596123823985713327533453309570177225396037101746
0.01561368713485370568472276886495819780975580215454
0.01492299165703870472698966409552667755633592605591
0.01755501216656905894009099711183807812631130218506
0.01571758173453753279491529326605814276263117790222
0.01667279405366464684057348222268046811223030090332
0.01637624993609862467103255312395049259066581726074
0.01662312198832986351315632589376036776229739189148
0.01612148219823776595927000698793563060462474822998
0.01652827876346683530495162983697809977456927299500
0.01801342857358984722582206927654624450951814651489
0.01819055727154942833645456801150430692359805107117
0.02007566802690056301239351910226105246692895889282
0.01743328489736416936350948958533990662544965744019
0.01809173178456154051918503000706550665199756622314
0.02699511249537913520901710739963164087384939193726
0.03517817834148889710732532876136247068643569946289
0.01910865521621324045198342389539902796968817710876
0.02686400905328485688716710910739493556320667266846
0.06394032161098901767548596808410366065800189971924
0.05218158839370627688492021434285561554133892059326
0.05563988202948771250033743740459613036364316940308
0.05397582413584058741440330209115927573293447494507
0.01653314355551768408125745679626561468467116355896
0.01356453585888101227852065022716487874276936054230
0.01261085868813206604943655264605695265345275402069
0.01435406846680586413766977926798062981106340885162
0.02402562980291917185682315505346196005120873451233
0.02459737991881376720226803911373281152918934822083
0.03127552234559487914777875516847416292876005172729
0.04887485727814747799024885921426175627857446670532
0.04426093658690095217211890599173784721642732620239
0.07507691565124752219873016656492836773395538330078
0.06520291521471148488142688393054413609206676483154
0.01582797561120625681740925472240633098408579826355
0.01525170837451194846834390261847147485241293907166
0.01726513216720701113238156665374845033511519432068
0.01362511621064665078006949983091544709168374538422
0.01506877714037020699056057537745800800621509552002
0.01151174766089363074583751256341201951727271080017
0.01429210169728701955438321391511635738424956798553
0.01820690616973807615663893955115781864151358604431
0.01373847794096959631926502254373190226033329963684
0.01753910043535268636905044559171074070036411285400
0.01867582967228513871060791018408053787425160408020
0.01601569941910751387892375419141899328678846359253
0.01643951076049594145489507468482770491391420364380
0.01307832746606117819976322635966425877995789051056
0.01221840820182202268229243458108612685464322566986
0.02150636009660458064507437825341185089200735092163
0.02111992233842836103052675866820209193974733352661
0.01498476801918583942163643030198727501556277275085
0.01821111644424599010361198736518417717888951301575
0.05721309078965367694857846458944550249725580215454
0.03148434054320832509166194768113200552761554718018
0.03908035785404493506201006880473869387060403823853
0.05759815032605693913003719330845342483371496200562
0.06807372434971598051944852159067522734403610229492
0.02141783187254626269480084488350257743149995803833
0.02295174190675213637957696732883050572127103805542
0.03789205939572515974278488215531979221850633621216
0.02386935570284248048222863758383027743548154830933
0.06228710345450862162497429608265520073473453521729
0.05668991331816225498485550815530586987733840942383
0.06499508309680696038768132893892470747232437133789
0.06791052172915069962133571834783651866018772125244
0.02108399299441774191188336828872706973925232887268
0.02323785890504790133115342598557617748156189918518
0.01826546305266436506786753568576386896893382072449
0.01817354578308721241297618576027161907404661178589
0.01504966342467949601269250337054472765885293483734
0.01314463957508941321927764533938898239284753799438
0.01379979991811862947981293103794087073765695095062
0.02058785758502169882522281341152847744524478912354
0.01587108205471607011438628376254200702533125877380
0.02146387806319492025375339494530635420233011245728
0.01809515478678692945724293394960113801062107086182
0.01643530323443636101399256688182504149153828620911
0.01845242974192333462735149396394263021647930145264
0.02283136966036834053506154873502964619547128677368
0.04932228422443248744277966011395619716495275497437
0.03147225179186329685476763984297576826065778732300
0.03130957778282460884922144828124146442860364913940
0.07298120279539810351110418196185491979122161865234
0.07598868545218727399426228430456831119954586029053
0.01861180435716707978754946850585838546976447105408
0.06428172146928139152333159245245042257010936737061
0.04267745187866563844059086818560899700969457626343
0.02902067152917194373107356852869997965171933174133
0.06456295026751389387609236791831790469586849212646
0.07170979559519306822945594603879726491868495941162
0.02017919464182449731937118997393554309383034706116
0.02264729237835573158466040410985442576929926872253
0.01623108974066431176019875692873029038310050964355
0.01877097915903297442596908695122692734003067016602
0.02029986707359985806387037143849738640710711479187
0.01877815147601057110815503392586833797395229339600
0.01535556943318759810790385955669989925809204578400
0.01775637326500069043677676461356895742937922477722
0.02282609972656324953677042799426999408751726150513
0.05224215790695278804900425484447623603045940399170
0.03507412015125400267523403385894198436290025711060
0.02865820462820786382329707464577950304374098777771
0.07519446650383267150008492762935929931700229644775
0.07825366860353677456174636972718872129917144775391
0.04451381979660133658693865754685248248279094696045
0.03008358625527898788654113104712450876832008361816
0.07063185689588215299128393098726519383490085601807
0.07114309295712592517979544481931952759623527526855
0.02740040327523774604800976817386981565505266189575
0.04094283190279546930101517432376567739993333816528
0.01744082098466500155287128848158317850902676582336
0.02093428674665517158492988869511464145034551620483
0.02989033579845214172454603840378695167601108551025
0.03678537793190431864909228920623718295246362686157
0.02788216268418142879115251275834452826529741287231
0.02145286672514288769941792622830689651891589164734
0.07160376904334510295146998259951942600309848785400
0.06600011180896778184568063352344324812293052673340
0.05408538071303717331694826953025767579674720764160
0.06954112548828794704292022288427688181400299072266
0.06035076002843490355909139566392695996910333633423
0.04956028954424018112545624603626492898911237716675
0.05756917355282750031753025155012437608093023300171
0.04183641808358300184789158038256573490798473358154
0.07268230455178394111559470047723152674734592437744
0.07617129549514559117007195254700491204857826232910
0.05600623988742293307696584747645829338580369949341
0.05571045438481578987444109429816307965666055679321
0.04440206304996255348704892185196513310074806213379
0.07626428262972891058968372135495883412659168243408
0.05493364315817576837286395630144397728145122528076
0.05116972498187241646938616668194299563765525817871
0.05616861481192301358555951651396753732115030288696
