-0.99367304064607020475108356549753807485103607177734
-0.00000000000000000000000000000000000000000000000000
0.94660486107379171460962652417947538197040557861328
0.61115680646342074311405667685903608798980712890625
-1.00000000000000000000000000000000000000000000000000
-0.56519009523804131234214764845091849565505981445312
-1.00000000000000000000000000000000000000000000000000
-0.00000000000000000000000000000000000000000000000000
0.87248691365510000483851626995601691305637359619141
-0.00000000000000000000000000000000000000000000000000
0.88172678202762511112666743429144844412803649902344
0.52584301717785009167016596620669588446617126464844
-0.72378487260324664287480800339835695922374725341797
-0.00000000000000000000000000000000000000000000000000
0.88597977699247132399307247396791353821754455566406
-0.14576044724426867604805124756239820271730422973633
0.77769311014744135768239630124298855662345886230469
-0.00000000000000000000000000000000000000000000000000
-0.86789904367209858015996815083781257271766662597656
-0.06938578043180662624500598667509621009230613708496
-0.51683679969702966960909407134749926626682281494141
0.66603315837751464467686446369043551385402679443359
-0.99904889353090908787891066822339780628681182861328
-1.00000000000000000000000000000000000000000000000000
-0.52941166144814755245562309937668032944202423095703
-1.00000000000000000000000000000000000000000000000000
-0.62847669361599223236680700210854411125183105468750
-0.99992050699019774384623815421946346759796142578125
-0.42215163624998491842532644113816786557435989379883
-0.96226533984211437555700285884086042642593383789062
0.99719257391259108480596751178381964564323425292969
1.00000000000000000000000000000000000000000000000000
0.38256551328701610126259424760064575821161270141602
0.98124605861945335405494006408844143152236938476562
0.60453743433578976951281447327346540987491607666016
1.00000000000000000000000000000000000000000000000000
0.46973484386499875231635314776212908327579498291016
-1.00000000000000000000000000000000000000000000000000
-0.00000000000000000000000000000000000000000000000000
-0.87654421745055488557341050182003527879714965820312
-0.00000000000000000000000000000000000000000000000000
-0.00000000000000000000000000000000000000000000000000
0.86618610338603974074800362359383143484592437744141
-0.00000000000000000000000000000000000000000000000000
0.79558301045343349233718299728934653103351593017578
-0.91066362216654528349835118206101469695568084716797
-0.15744137896023049916216507426725002005696296691895
-0.83000243662775485820048970708739943802356719970703
-0.07404640673887331880909101755605661310255527496338
0.60712384429722532352968755731126293540000915527344
-0.87675609116438868451126609215862117707729339599609
-0.00000000000000000000000000000000000000000000000000
0.01280289475013750809251344975336905918084084987640
-0.92057214859958813590878889954183250665664672851562
0.10051723620362176814246879530401201918721199035645
-0.45180744071825384988727591917268000543117523193359
-0.50986349819306353570169676459045149385929107666016
-0.99695154935685792452204623259603977203369140625000
-0.51765868291261774025713293667649850249290466308594
-0.99986290215693773841820757297682575881481170654297
-1.00000000000000000000000000000000000000000000000000
1.00000000000000000000000000000000000000000000000000
0.50752943475222567215610069979447871446609497070312
1.00000000000000000000000000000000000000000000000000
0.47126283955345876774956082044809591025114059448242
-0.50831771187336072248541540830046869814395904541016
-0.97393432847159755461063923576148226857185363769531
-0.83148825848360341517206961725605651736259460449219
0.99629393104312691242796518054092302918434143066406
-0.63177177650019400445557948842179030179977416992188
0.50166368344632394915549866709625348448753356933594
0.99842271948827321370600884620216675102710723876953
0.61872113584714372169770513210096396505832672119141
-1.00000000000000000000000000000000000000000000000000
-0.87085925255560481250682869358570314943790435791016
-0.86363481614313031275997900593210943043231964111328
0.00682566289841602096694073154026227712165564298630
-0.00000000000000000000000000000000000000000000000000
-0.00000000000000000000000000000000000000000000000000
0.83399969237555726664368194178678095340728759765625
-0.00000000000000000000000000000000000000000000000000
0.75792478197232615588774251591530628502368927001953
0.09478117883640144181178754934080643579363822937012
-0.29750600228176388162282250959833618253469467163086
0.20640101947268640891763880063081160187721252441406
-0.86016365564611541039141684450441971421241760253906
-0.15551342070254772775861340505798580124974250793457
-0.90815332326420628028529336006613448262214660644531
-0.00000000000000000000000000000000000000000000000000
0.89293915479285523861818774093990214169025421142578
0.02909078316814010106705623570633179042488336563110
0.87417683723950845298134026961633935570716857910156
-0.75380146746382381550688478455413132905960083007812
-0.54263182320035452388395924572250805795192718505859
-0.99494049746946100487576813975465483963489532470703
-0.52096173973736470408368859352776780724525451660156
-0.99999537331889043478838630107929930090904235839844
-0.51300179958101388422164745861664414405822753906250
-0.99998089805302659005548093773541040718555450439453
-1.00000000000000000000000000000000000000000000000000
1.00000000000000000000000000000000000000000000000000
0.61254905880923127270420991408172994852066040039062
0.98421304033910417263797398845781572163105010986328
0.95272108123705345761322860198561102151870727539062
0.50209717393979547139792884991038590669631958007812
-0.51421139719477959584281734350952319800853729248047
-0.99956962415257966103609987840172834694385528564453
-0.69158137367575200915581490335171110928058624267578
0.02030172310890189166232566719827445922419428825378
0.54057477110236562545253491407493129372596740722656
-1.00000000000000000000000000000000000000000000000000
-0.87599694827274843245135116376332007348537445068359
-0.86402945104336303927539120195433497428894042968750
-0.00040411959822398649949670712544502748642116785049
-0.85591282660203016341426973667694255709648132324219
-0.00283234017034865882128658043370705854613333940506
-0.00000000000000000000000000000000000000000000000000
-0.00000000000000000000000000000000000000000000000000
0.27091164169018638885333416510547976940870285034180
-0.22869808680339581696827622181444894522428512573242
0.07718692771484098047451993807044345885515213012695
-0.77472007751728133584379065723624080419540405273438
0.06057994370354459479077746664188452996313571929932
-0.80361518351297456241866257187211886048316955566406
0.87175932347649776055220627313246950507164001464844
-0.00000000000000000000000000000000000000000000000000
0.87018995717284530755364357901271432638168334960938
0.20839443055692905004683268543885787948966026306152
0.00600030573948208585666197478758476790972054004669
0.91625173951873140065771394802141003310680389404297
-0.55153607045716968038107097527245059609413146972656
-0.99855090721394612618411201765411533415317535400391
-0.52895274814958881393067713361233472824096679687500
-0.99999733332913343097914093959843739867210388183594
-0.50902694632913292327458520958316512405872344970703
-0.99995133069570962813799042123719118535518646240234
-0.50181244085976739466303797598811797797679901123047
-0.99998705935543652500996358867269009351730346679688
1.00000000000000000000000000000000000000000000000000
-1.00000000000000000000000000000000000000000000000000
0.99614165625235040479878989572171121835708618164062
-0.99265168796554748009697277666418813169002532958984
-0.60899216541048672990399381887982599437236785888672
-0.98359041961631710204727596646989695727825164794922
-0.45546768125411191130424981565738562494516372680664
0.53617502677133022093158842835691757500171661376953
0.99995682256261519960105488280532881617546081542969
0.53192566402473040465537224008585326373577117919922
-1.00000000000000000000000000000000000000000000000000
-0.87173120281876359527473141497466713190078735351562
-0.86235099882497168177764024221687577664852142333984
-0.02642705990541851027164632625954254763200879096985
-0.85260164043841957237646056455560028553009033203125
-0.01371675987106497733580834363920075702480971813202
-0.85092118832600904809737585310358554124832153320312
-0.00754212216050727073113346676791479694657027721405
-0.00000000000000000000000000000000000000000000000000
-0.00000000000000000000000000000000000000000000000000
-0.80042382832322600538788037738413549959659576416016
0.09013773373978581360255191157193621620535850524902
-0.73768282224786640988156705134315416216850280761719
-0.64070915709409159699561087109032087028026580810547
0.72710607000474158922997958143241703510284423828125
-0.00000000000000000000000000000000000000000000000000
0.78683765083662071671000148853636346757411956787109
-0.34162155892915430088763173444021958857774734497070
0.37838382422088023826489688872243277728557586669922
-0.48043281312537594596179246764222625643014907836914
-0.12136757849882849613631918828104971908032894134521
0.67580944925511043930299592830124311149120330810547
-0.91661647499074017098052991059375926852226257324219
-0.50202221708547178913306652248138561844825744628906
-0.99911609561927350320331697730580344796180725097656
-0.35093149829270248174495350212964694947004318237305
-0.49580692103083856547840468920185230672359466552734
-0.99873680318712820813686903420602902770042419433594
-0.49503212800548096472752490626589860767126083374023
-0.99997253430068899771043788859969936311244964599609
-0.49312033170010494131929590366780757904052734375000
-0.99999879436696947898610687843756750226020812988281
1.00000000000000000000000000000000000000000000000000
-1.00000000000000000000000000000000000000000000000000
0.48745878920432222924929988039366435259580612182617
-0.49448248369004466074017045684740878641605377197266
-0.98420290024010925744590849717496894299983978271484
0.03142962870852545470556904660952568519860506057739
0.99756014319781238786077892655157484114170074462891
-0.64438209072704755175919899556902237236499786376953
0.51445689589235477079398606292670592665672302246094
-1.00000000000000000000000000000000000000000000000000
-0.85828193500395866255558985358220525085926055908203
0.09439483297489775770472419935686048120260238647461
-0.73201713991616101928627813322236761450767517089844
-0.84574644908208296278928628453286364674568176269531
-0.03021660722391226322480761723454634193331003189087
-0.84110050980376949159023070023977197706699371337891
-0.01606739533518223433938842958923487458378076553345
-0.85248890016145562054106221694382838904857635498047
-0.04032263174675807665403581836471857968717813491821
-0.00000000000000000000000000000000000000000000000000
-0.00000000000000000000000000000000000000000000000000
-0.83797338953336086841972019101376645267009735107422
-0.03741182282660555913356148494131048209965229034424
-0.72991632740704404103126989866723306477069854736328
-0.00000000000000000000000000000000000000000000000000
0.83668146174744983945004150882596150040626525878906
0.21222936496694749797242707245459314435720443725586
-0.68302149590639205101183506485540419816970825195312
0.78081624156911244583056941337417811155319213867188
-0.99949147460915610530207686679204925894737243652344
0.05161456332012839126610614925994013901799917221069
0.94854697487568584435280172328930348157882690429688
0.18959874196655621125806590043794130906462669372559
-0.91969633917913506948593749257270246744155883789062
-0.85893163412966433423179068995523266494274139404297
-0.54022846443547534178719615738373249769210815429688
-0.98210617227544505514202910489984788000583648681641
-0.76630309681644948049950016866205260157585144042969
-0.28052210554998863178965962106303777545690536499023
0.02859982404959970220259535267359751742333173751831
-0.51679546055438863039199759441544301807880401611328
0.45890232693432841948322220559930428862571716308594
-0.47360351052789867454251293565903324633836746215820
-0.99999758941140404200353941632783971726894378662109
-0.50913900269302614365329873180598951876163482666016
-0.45724662929536508126915350658237002789974212646484
-0.99999457376842360023516675937571562826633453369141
-0.37540483976598976179062105984485242515802383422852
0.59446181695050970272831136753666214644908905029297
1.00000000000000000000000000000000000000000000000000
-1.00000000000000000000000000000000000000000000000000
0.51332209930605088299415683650295250117778778076172
0.98589548801447224324334683842607773840427398681641
-0.52824845820694832365660431605647318065166473388672
-0.99958009683734638795016280710115097463130950927734
-0.03740744595034861674776038853451609611511230468750
-0.65722840613604338599884613358881324529647827148438
-1.00000000000000000000000000000000000000000000000000
-0.88983394367931467616728014036198146641254425048828
-0.21802600992831436266250477729045087471604347229004
0.67865026384469417930489498758106492459774017333984
0.76828275548577751319356821113615296781063079833984
-0.82368219493849603729529462725622579455375671386719
0.05597699552189944194324766613135579973459243774414
-0.83254897461183308138288339250721037387847900390625
-0.03762257318141528500410331048442458268254995346069
-0.86163630449720529647095190739491954445838928222656
-0.11578871672070652210084773514608968980610370635986
-0.00000000000000000000000000000000000000000000000000
-0.00000000000000000000000000000000000000000000000000
-0.81721196237748905399911336644436232745647430419922
0.73842266770760345284685399747104384005069732666016
-0.00000000000000000000000000000000000000000000000000
-0.83427926260746809727919526267214678227901458740234
0.03014599815866464416203029941243585199117660522461
-0.33509779023941821396448403902468271553516387939453
-0.69096826150397605559305702627170830965042114257812
0.45305703445793943373587353562470525503158569335938
0.93221448735657852502356490731472149491310119628906
0.59091229149409330023701159007032401859760284423828
0.94553123971974106787286018516169860959053039550781
0.99395409830753356228427719543105922639369964599609
0.51129444360196196761592091206694021821022033691406
0.08710491335314807237466538936132565140724182128906
0.90001199684384847188312051002867519855499267578125
0.05841324307590082393071284627694694790989160537720
0.93429829199795644267823035988840274512767791748047
0.21123654985927609040174957044655457139015197753906
-0.65360172015105100218335110184852965176105499267578
-0.99749385130086276607386253090226091444492340087891
-0.55606988706942794831178389358683489263057708740234
-0.99854777359038215944764260711963288486003875732422
-0.07169343164261032796957806567661464214324951171875
0.85925101719669361166609178326325491070747375488281
-0.47708350734342253041120329726254567503929138183594
-0.99632699540601044052579027265892364084720611572266
-0.75830176390184456103327192977303639054298400878906
-0.25519880679593792693893306022800970822572708129883
0.96894944882081279757812808384187519550323486328125
-0.89495004255357457623176742345094680786132812500000
1.00000000000000000000000000000000000000000000000000
0.71259257665337216725021107777138240635395050048828
-1.00000000000000000000000000000000000000000000000000
-0.45790306849497730556919350419775582849979400634766
0.64380006021809443872427891619736328721046447753906
0.99829870840315060309677619443391449749469757080078
-0.46886105064384070439942320263071451336145401000977
-0.99590103714186084538084742234786972403526306152344
-0.71969064223757162057637515317765064537525177001953
-1.00000000000000000000000000000000000000000000000000
-0.70855605811992694587075902745709754526615142822266
0.51082586306529331743320199166191741824150085449219
0.99999513994780964143416213119053281843662261962891
0.44873291928986702714610146358609199523925781250000
-0.90129048510738729582669748197076842188835144042969
0.99685147487184122550019083064398728311061859130859
0.52342173249104351206995033862767741084098815917969
-0.10926248284530498677824539299763273447751998901367
-0.83992376677958713315774730290286242961883544921875
0.74175770162437304477975885674823075532913208007812
-0.00000000000000000000000000000000000000000000000000
-0.00000000000000000000000000000000000000000000000000
1.00000000000000000000000000000000000000000000000000
0.48466494696098044725474096594552975147962570190430
-0.88133972535596538655511267279507592320442199707031
0.19673975787487474331527437243494205176830291748047
-0.00000000000000000000000000000000000000000000000000
-0.85405242704759309901874075876548886299133300781250
-0.10910846931336155851699487584482994861900806427002
-0.99648736133409565596252832619938999414443969726562
-0.72953638158719458228773646624176762998104095458984
-0.83878142776337016872645335752167738974094390869141
-0.00000000000000000000000000000000000000000000000000
0.99988385919491051812002524457057006657123565673828
0.54006264287439054161410467713722027838230133056641
0.99973703660280044402952626114711165428161621093750
0.47966423522877826846055882015207316726446151733398
0.99721290876508628109320397925330325961112976074219
0.02102709551910455013090661680053017335012555122375
0.88532367682614576676058959492365829646587371826172
0.06097863952315608904175547877457574941217899322510
0.89968769317043573163772407497162930667400360107422
-0.00094362501373917626566745209260034243925474584103
-0.91078166734952936689495572863961569964885711669922
0.06261813353825050609824387493063113652169704437256
0.83121028830930443476177060802001506090164184570312
0.00624993782464667961551452179946863907389342784882
0.85870861236029061291930020161089487373828887939453
0.09299018255153183865058252877133782021701335906982
0.87736608954785078040572443569544702768325805664062
0.08058038521640498164089194688131101429462432861328
-0.85067413530550473055313887016382068395614624023438
1.00000000000000000000000000000000000000000000000000
0.66287399038607397461220216428046114742755889892578
-1.00000000000000000000000000000000000000000000000000
-0.00000000000000000000000000000000000000000000000000
0.81109305008194199082538489165017381310462951660156
0.72606652017502026907891377049963921308517456054688
0.74068465846746456282545523208682425320148468017578
-0.52425209377084613926456313492963090538978576660156
0.33556189919556550504964320680301170796155929565430
-1.00000000000000000000000000000000000000000000000000
-0.50043486970121731083338545431615784764289855957031
-0.99930641164306233115155464474810287356376647949219
-0.47753369208055634898002494992397259920835494995117
-1.00000000000000000000000000000000000000000000000000
0.99995686164997310552138287675916217267513275146484
0.48335292020150882885687337875424418598413467407227
0.99994103207196138871637458578334189951419830322266
0.49567981359309787325884144593146629631519317626953
0.99678124274772372803710140942712314426898956298828
0.38186874878462839788539895380381494760513305664062
0.99999977493899272484867424282128922641277313232422
0.47884244255930391576114857343782205134630203247070
1.00000000000000000000000000000000000000000000000000
0.47973598411351503489896686005522496998310089111328
-1.00000000000000000000000000000000000000000000000000
-0.70529629463455600912880072428379207849502563476562
0.01044184632193097955754623740176612045615911483765
-1.00000000000000000000000000000000000000000000000000
-0.52261883312628265585431108775082975625991821289062
-0.90487469068404313699005570015287958085536956787109
-0.86558827094399393153878463635919615626335144042969
-0.11304118626952601445179169559196452610194683074951
-0.88267505159741621589830629091011360287666320800781
0.68328729988855652077717195425066165626049041748047
1.00000000000000000000000000000000000000000000000000
0.50602723295026896810355765410349704325199127197266
0.99996608761544003574073258278076536953449249267578
0.52625486517924480178720614276244305074214935302734
0.99992675051139789932364010383025743067264556884766
0.52233379573244298477163738425588235259056091308594
0.99482209341415706038702637670212425291538238525391
0.74671130110900163501241877384018152952194213867188
0.01652082602810529821102392133980174548923969268799
0.88111142997806446430786309065297245979309082031250
0.00916034313962827903554675401665008394047617912292
0.89269794257320467245619965979130938649177551269531
-0.01899000111086355732648023320052743656560778617859
-0.85071988118121455446640766240307129919528961181641
0.02636702871843624867986832782662531826645135879517
0.85112903556264096760486381754162721335887908935547
0.00562259216755732916387389153101139527279883623123
0.86400237691887160629278241685824468731880187988281
-0.00000000000000000000000000000000000000000000000000
0.86270707259239831632413597617414779961109161376953
-0.00000000000000000000000000000000000000000000000000
0.86674516853355321188701054779812693595886230468750
-0.00000000000000000000000000000000000000000000000000
0.91087653490959796798165371001232415437698364257812
-0.00000000000000000000000000000000000000000000000000
-0.68689632637085995536807558892178349196910858154297
0.08199343937066765064525242223680834285914897918701
0.98989710765868221820085182116599753499031066894531
-0.63337211489891942495233934096177108585834503173828
-0.90864287501844753780488872507703490555286407470703
0.01866182437720941347802927623433788539841771125793
0.79848307222441805564017158758360892534255981445312
-0.00000000000000000000000000000000000000000000000000
0.74659096492980070447487150886445306241512298583984
0.99999857133427028088590304832905530929565429687500
0.50047675357825882613838075485546141862869262695312
0.99996227083147182224109883463825099170207977294922
0.51250510608407928714314039098098874092102050781250
1.00000000000000000000000000000000000000000000000000
0.47729383842050532305023580192937515676021575927734
1.00000000000000000000000000000000000000000000000000
0.50382591147385491492372011634870432317256927490234
-1.00000000000000000000000000000000000000000000000000
-0.56470445053310891481146427395287901163101196289062
-0.98417744073987578623530225740978494286537170410156
-0.92879128122409038148532545164925977587699890136719
0.99931485842649947493043782742461189627647399902344
-0.99990020540608048893460590988979674875736236572266
-0.63235641722327851077523064304841682314872741699219
0.99961659789517465224406578272464685142040252685547
0.38529568360842314511671702348394319415092468261719
1.00000000000000000000000000000000000000000000000000
0.49870589100152257211462369923538062721490859985352
0.99997691223304063790067175432341173291206359863281
0.56004634563173316674777879597968421876430511474609
0.99997579349401732873303672022302635014057159423828
0.53025269727112089857001819837023504078388214111328
0.99827174834739218489687573310220614075660705566406
-0.09521676224504700691841918569480185396969318389893
0.46377247211057565090541743302310351282358169555664
-0.00051918278189976236128289066584784450242295861244
0.87830518783451794195826778377522714436054229736328
-0.00252449857500728312709181722084395005367696285248
0.88081415700277476688029310025740414857864379882812
-0.00487395543433485033124608065691063529811799526215
0.92672384193472834290616901853354647755622863769531
-0.00000000000000000000000000000000000000000000000000
0.86912508732340676420591307760332711040973663330078
-0.00000000000000000000000000000000000000000000000000
0.87178435682299915132631440428667701780796051025391
-0.00000000000000000000000000000000000000000000000000
-0.62668899764720498168912854453083127737045288085938
-0.00000000000000000000000000000000000000000000000000
-0.74156702452598022290430890279822051525115966796875
-0.03599700442561882401948381016154598910361528396606
0.36354115911136974936823662574170157313346862792969
-0.64105162719883779232077358756214380264282226562500
0.42799432358147171395756913625518791377544403076172
0.06673243236572984349308512719289865344762802124023
-0.79021297229136611139921342328307218849658966064453
-0.00000000000000000000000000000000000000000000000000
0.81390494236615229528553072668728418648242950439453
1.00000000000000000000000000000000000000000000000000
0.51135713365070734059969481677399016916751861572266
1.00000000000000000000000000000000000000000000000000
0.52222685889357600697024963665171526372432708740234
-1.00000000000000000000000000000000000000000000000000
-0.57310772783326113799517997904331423342227935791016
-1.00000000000000000000000000000000000000000000000000
-0.70298775346142594599996300530619919300079345703125
-0.99500103344374168923280876697390340268611907958984
-0.63750367492394555135604150564176961779594421386719
0.99351142796621438879611787342582829296588897705078
0.62216676402053150418680615985067561268806457519531
0.76474051789920849397930169288883917033672332763672
1.00000000000000000000000000000000000000000000000000
0.51544296461560790145739474610309116542339324951172
0.99981069031198765983958764991257339715957641601562
0.52314762765659494903047743719071149826049804687500
1.00000000000000000000000000000000000000000000000000
0.52848568366580339628058027301449328660964965820312
0.99926269424617508718711178516969084739685058593750
0.08110196616125546487108266546783852390944957733154
0.51543237579526179903410820770659483969211578369141
-0.67386647038232050377359882986638695001602172851562
-0.00000000000000000000000000000000000000000000000000
0.87838627124911772270365872827824205160140991210938
-0.00000000000000000000000000000000000000000000000000
0.88920578312302811507805699875461868941783905029297
-0.00000000000000000000000000000000000000000000000000
0.89383513021006366638943063662736676633358001708984
-0.00000000000000000000000000000000000000000000000000
-0.79550898207696396635668634189642034471035003662109
-0.00000000000000000000000000000000000000000000000000
-0.85170606658763059471084488905034959316253662109375
-0.07639077009230367532044425615822547115385532379150
-0.09130936527762442689315491861634654924273490905762
0.02127414991753115783290617457623739028349518775940
0.84754443425349901275467345840297639369964599609375
0.02569406570810573581242763907539483625441789627075
0.92438883360737589267586145069799385964870452880859
-0.00000000000000000000000000000000000000000000000000
0.84860173663347227002162753706215880811214447021484
-1.00000000000000000000000000000000000000000000000000
-0.57363731921033844773916143822134472429752349853516
-1.00000000000000000000000000000000000000000000000000
-0.65530501394275186832771851186407729983329772949219
-0.97839355379223125197540866793133318424224853515625
-0.93521659140304036483826166659127920866012573242188
0.99746241530386425822030105337034910917282104492188
0.99124961977293457593418679607566446065902709960938
0.38455832127353190008633987417852040380239486694336
1.00000000000000000000000000000000000000000000000000
0.52569039571673004118679273233283311128616333007812
1.00000000000000000000000000000000000000000000000000
0.54046007135363482998258177758543752133846282958984
-1.00000000000000000000000000000000000000000000000000
-0.47047711220200821857773121337231714278459548950195
1.00000000000000000000000000000000000000000000000000
0.56830431307430373522038280498236417770385742187500
0.99335542562948753175788851876859553158283233642578
-0.00000000000000000000000000000000000000000000000000
-0.85869130680068583849617880332516506314277648925781
-0.00000000000000000000000000000000000000000000000000
-0.84933481049117653949309669769718311727046966552734
-0.00000000000000000000000000000000000000000000000000
-0.87982558457412496366600862529594451189041137695312
-0.00000000000000000000000000000000000000000000000000
-0.85047079679808335050950063305208459496498107910156
-0.03717341453077931123782917666176217608153820037842
-0.82829109106439735565885484902537427842617034912109
0.00495391462703465793732116040359869657550007104874
0.79315864334832009152620457825833000242710113525391
0.18271572898605412116346258244448108598589897155762
0.76888293805186991303202148628770373761653900146484
0.99763181374690756975098793191136792302131652832031
-0.00000000000000000000000000000000000000000000000000
0.88356549292868891143371001817286014556884765625000
-0.96903344909271682539042558346409350633621215820312
-0.98009186186713959099137127850553952157497406005859
0.99891750469726436900685939690447412431240081787109
-0.68289346116257898522405866970075294375419616699219
0.99998674413733024124439907609485089778900146484375
0.59232953168284485645500581085798330605030059814453
1.00000000000000000000000000000000000000000000000000
0.61495774710724060430067083871108479797840118408203
-1.00000000000000000000000000000000000000000000000000
-0.54587747103812755966600889223627746105194091796875
-0.98809870069310268281270737134036608040332794189453
-0.64694414025336532958476709609385579824447631835938
-1.00000000000000000000000000000000000000000000000000
1.00000000000000000000000000000000000000000000000000
-0.00000000000000000000000000000000000000000000000000
-0.00000000000000000000000000000000000000000000000000
0.98099334272363836184638330450979992747306823730469
-0.07761247311122530800897578728836379013955593109131
-0.79831846672020723154616916872328147292137145996094
-0.16953902116620819806591669021145207807421684265137
0.40600092077111399335720420822326559573411941528320
0.24336634062471171335850783634668914601206779479980
0.02696684160621352563391717183094442589208483695984
0.76286275156435756628070521401241421699523925781250
0.99992323506957137002615354504087008535861968994141
-0.00000000000000000000000000000000000000000000000000
0.87931715822838940610495228611398488283157348632812
-0.75868245494033659248600542923668399453163146972656
0.99742836436606352457090451935073360800743103027344
0.69267701116560653762377341990941204130649566650391
0.65678576178129910445591121970210224390029907226562
1.00000000000000000000000000000000000000000000000000
0.58657864718391750091797121058334596455097198486328
-0.95323292787306546092196413155761547386646270751953
0.17870034270597492942478368149750167503952980041504
-0.43311463343662526259691958330222405493259429931641
-0.98073228188239336411413660243852064013481140136719
-0.79093349884381036751790361449820920825004577636719
-0.99107300258710118168181679720873944461345672607422
0.05965750408599942988807640631421236321330070495605
0.78944387314003783284732662650640122592449188232422
-0.50591940898219478484065803058911114931106567382812
-0.04214143864602026140486756844438787084072828292847
-0.75008813383572969790691331581911072134971618652344
0.74137829313219993920824890665244311094284057617188
-0.00000000000000000000000000000000000000000000000000
0.84211680200201255441783132482669316232204437255859
0.99990986577421236969342999145737849175930023193359
0.69957641942582582395004919817438349127769470214844
1.00000000000000000000000000000000000000000000000000
0.51379523230870516314894302922766655683517456054688
-0.69755387163387572169170880442834459245204925537109
-0.97042250064740132042828690828173421323299407958984
-0.94429671326359498895186561640002764761447906494141
-0.49975161214044699908853885972348507493734359741211
0.46714113670824231050460184633266180753707885742188
0.01472747292116966498498609183798180310986936092377
0.79159427365294510181570331042166799306869506835938
-0.73709982290557907180783558942493982613086700439453
-0.00000000000000000000000000000000000000000000000000
0.88075579272398640817698378668865188956260681152344
0.98448380474714569654537399401306174695491790771484
1.00000000000000000000000000000000000000000000000000
0.50850850940910663489091803057817742228507995605469
0.04373492842357050436330467846346436999738216400146
0.41265584238402447381233173473447095602750778198242
-0.73381856750908580622194676834624260663986206054688
-0.00000000000000000000000000000000000000000000000000
0.88124860429797879923796699586091563105583190917969
0.99773194556089050966107834028662182390689849853516
1.00000000000000000000000000000000000000000000000000
0.61519867658385585240665704986895434558391571044922
-0.00000000000000000000000000000000000000000000000000
-0.88988299813597304677159627317450940608978271484375
1.00000000000000000000000000000000000000000000000000
-0.00000000000000000000000000000000000000000000000000
-0.63797992131865299825221882201731204986572265625000
0.74321534497066588098590500521822832524776458740234
0.61115680646342074311405667685903608798980712890625
-0.28227685238354782715219926103600300848484039306641
-0.44536908945846614971131316451646853238344192504883
-0.99367304064607020475108356549753807485103607177734
-0.42500569318644959571074082305131014436483383178711
0.72347413596478626907071429741336032748222351074219
0.88705865229224367674021323182387277483940124511719
0.87248691365510000483851626995601691305637359619141
0.88632433230200036167190091873635537922382354736328
0.92485831872906532069578133814502507448196411132812
0.28227685238354782715219926103600300848484039306641
-0.94792393985180656290623346649226732552051544189453
-0.14576044724426867604805124756239820271730422973633
-0.87675609116438868451126609215862117707729339599609
-0.22943931632011102528245771736692404374480247497559
0.88172678202762511112666743429144844412803649902344
-0.06938578043180662624500598667509621009230613708496
0.66603315837751464467686446369043551385402679443359
-0.99943534219992580247549085470382124185562133789062
0.99943534219992580247549085470382124185562133789062
-0.55886560878347879555150257147033698856830596923828
-0.55358466125993865958321293874178081750869750976562
-0.99904889353090908787891066822339780628681182861328
-0.54617731433432747945033725045504979789257049560547
-0.99992050699019774384623815421946346759796142578125
-0.47197220575173765011456339379947166889905929565430
-0.96226533984211437555700285884086042642593383789062
-0.21787331638772791664315775506111094728112220764160
0.21787331638772791664315775506111094728112220764160
0.38256551328701610126259424760064575821161270141602
-0.47057080622515823353779751414549537003040313720703
0.60453743433578976951281447327346540987491607666016
-0.52083573969885643695221233429037965834140777587891
0.40303545709053123502485505014192312955856323242188
0.99629393104312691242796518054092302918434143066406
-0.62373638018026078544409074311261065304279327392578
0.82440661258180492065861244554980657994747161865234
0.01280289475013750809251344975336905918084084987640
0.84480507626420997535632295694085769355297088623047
-0.94613112757397832552896943525411188602447509765625
-0.07404640673887331880909101755605661310255527496338
-0.89029602666261942189862566010560840368270874023438
-0.29750600228176388162282250959833618253469467163086
-0.15744137896023049916216507426725002005696296691895
0.52584301717785009167016596620669588446617126464844
0.22943931632011102528245771736692404374480247497559
-0.95566194166981432989160794022609479725360870361328
0.99278196623628323091992342597222886979579925537109
-0.87191942312055659147773667427827604115009307861328
0.86889707744642030728954296137089841067790985107422
0.85162031108298064108197422683588229119777679443359
0.10051723620362176814246879530401201918721199035645
0.96224309169034638600237485661637037992477416992188
-0.96224309169034638600237485661637037992477416992188
-0.99695154935685792452204623259603977203369140625000
-0.48883035672061486698325438737811055034399032592773
-0.99986290215693773841820757297682575881481170654297
-0.52994636232924596797033700568135827779769897460938
-0.54187906937657903672089787505683489143848419189453
0.49134718624952233856362227015779353678226470947266
0.99842271948827321370600884620216675102710723876953
0.49084560253248055161634511023294180631637573242188
0.98421304033910417263797398845781572163105010986328
-0.97393432847159755461063923576148226857185363769531
-0.83148825848360341517206961725605651736259460449219
-0.10151667066002759143295008925633737817406654357910
0.48153824944743833791349629791511688381433486938477
-0.99857450793058444293848197048646397888660430908203
0.99857450793058444293848197048646397888660430908203
0.61872113584714372169770513210096396505832672119141
-0.36257351428426493056278445692441891878843307495117
-0.50031808744420325218982270598644390702247619628906
0.02909078316814010106705623570633179042488336563110
0.00682566289841602096694073154026227712165564298630
0.86160795144085444707826582089182920753955841064453
0.85632247836119135264709711918840184807777404785156
-0.90298389200643380814170768644544295966625213623047
0.09478117883640144181178754934080643579363822937012
-0.82738276337544125471623601697501726448535919189453
-0.22869808680339581696827622181444894522428512573242
-0.80340332680597392744914486684137955307960510253906
-0.99129980417931384817364914852078072726726531982422
0.95566194166981432989160794022609479725360870361328
-0.15551342070254772775861340505798580124974250793457
0.60712384429722532352968755731126293540000915527344
0.20640101947268640891763880063081160187721252441406
0.86351454514646253102228001807816326618194580078125
0.27091164169018638885333416510547976940870285034180
0.87417683723950845298134026961633935570716857910156
0.83392906525820664764836465110420249402523040771484
-0.85576119678729412054707381685147993266582489013672
-0.99494049746946100487576813975465483963489532470703
-0.37240179526924482855676501458219718188047409057617
-0.99999537331889043478838630107929930090904235839844
-0.52155886972086418218452763539971783757209777832031
-0.99998089805302659005548093773541040718555450439453
-0.53433550900920601112176200331305153667926788330078
-0.54059473104744915072927824439830146729946136474609
0.30544947806143563084901870752219110727310180664062
0.95272108123705345761322860198561102151870727539062
0.63196038099783335972858822060516104102134704589844
-0.08102333916750106834747668926866026595234870910645
0.99164649688735828636509950229083187878131866455078
-0.99956962415257966103609987840172834694385528564453
-0.67906368917312509569939038556185550987720489501953
-0.99164649688735828636509950229083187878131866455078
-0.95070895618089124035066106443991884589195251464844
0.99614165625235040479878989572171121835708618164062
-0.46751061317095121694364934228360652923583984375000
0.00600030573948208585666197478758476790972054004669
-0.00040411959822398649949670712544502748642116785049
0.87854186121048838398195357513031922280788421630859
-0.00283234017034865882128658043370705854613333940506
0.86648319080411206893899134229286573827266693115234
-0.85559193756235762950979051311151124536991119384766
0.85974256548151617440822747084894217550754547119141
-0.73292396532066983461106701724929735064506530761719
-0.99991748301432670231747579236980527639389038085938
0.80340332680597392744914486684137955307960510253906
0.06057994370354459479077746664188452996313571929932
0.86342362666569616447276303006219677627086639404297
0.07718692771484098047451993807044345885515213012695
-0.06725733251189458528074283094611018896102905273438
0.87939383911389035208827635869965888559818267822266
0.20839443055692905004683268543885787948966026306152
-0.64070915709409159699561087109032087028026580810547
0.91625173951873140065771394802141003310680389404297
0.85576119678729412054707381685147993266582489013672
-0.99855090721394612618411201765411533415317535400391
-0.58254782344472455513084696576697751879692077636719
-0.99999733332913343097914093959843739867210388183594
-0.51748156744687878738631070518749766051769256591797
-0.99995133069570962813799042123719118535518646240234
-0.53074460627750819075032495675259269773960113525391
-0.99998705935543652500996358867269009351730346679688
-0.53528797474234701692097360137267969548702239990234
0.39043004536178088637043970265949610620737075805664
-0.54639027129794803805395986273651942610740661621094
0.43793397690104862718385447806213051080703735351562
-0.43793397690104862718385447806213051080703735351562
-0.98359041961631710204727596646989695727825164794922
-0.40592595630091987679577414382947608828544616699219
-0.99265168796554748009697277666418813169002532958984
0.99995682256261519960105488280532881617546081542969
0.53192566402473040465537224008585326373577117919922
-0.43412626378919061398420353725668974220752716064453
-0.54958444808030337824789057776797562837600708007812
-0.12136757849882849613631918828104971908032894134521
-0.02642705990541851027164632625954254763200879096985
0.86977036402098562017926042244653217494487762451172
-0.01371675987106497733580834363920075702480971813202
0.87580097122969657874591575819067656993865966796875
-0.00754212216050727073113346676791479694657027721405
0.86554703180449032995369407217367552220821380615234
-0.95841479295888021283644775394350290298461914062500
0.85391911714750512452098973881220445036888122558594
0.09013773373978581360255191157193621620535850524902
0.90866692068411225591262336820363998413085937500000
0.06725733251189458528074283094611018896102905273438
-0.98271722571074848762151532355346716940402984619141
0.99907336424288295528839398684795014560222625732422
0.89362918570508342863689676960348151624202728271484
-0.34162155892915430088763173444021958857774734497070
-0.98320367402142172519319274215376935899257659912109
0.98271722571074848762151532355346716940402984619141
-0.99854252665825060653048694803146645426750183105469
0.67580944925511043930299592830124311149120330810547
0.99854252665825060653048694803146645426750183105469
0.05161456332012839126610614925994013901799917221069
-0.99911609561927350320331697730580344796180725097656
-0.51865335707740689574762882330105639994144439697266
-0.99949147460915610530207686679204925894737243652344
-0.99873680318712820813686903420602902770042419433594
-0.54022846443547534178719615738373249769210815429688
-0.99997253430068899771043788859969936311244964599609
-0.51679546055438863039199759441544301807880401611328
-0.99999879436696947898610687843756750226020812988281
-0.54553123048628071600774092075880616903305053710938
0.44001297622035323575673260165785904973745346069336
-0.55279498371341784235255545354448258876800537109375
0.99756014319781238786077892655157484114170074462891
-0.98420290024010925744590849717496894299983978271484
-0.70344063375360432743832461710553616285324096679688
-0.97026577830024463011682200885843485593795776367188
0.41724568005440215712198437358892988413572311401367
-0.96973225919184480314783058929606340825557708740234
0.96973225919184480314783058929606340825557708740234
-0.49874311041245988906922548267175443470478057861328
0.09439483297489775770472419935686048120260238647461
0.90404615591699843957229631996597163379192352294922
0.18959874196655621125806590043794130906462669372559
-0.03021660722391226322480761723454634193331003189087
0.88593192416531529875811656893347389996051788330078
-0.01606739533518223433938842958923487458378076553345
0.87693286920432100828293187078088521957397460937500
-0.04032263174675807665403581836471857968717813491821
0.86012013018219457549662365636322647333145141601562
-0.90824720525246216418224776134593412280082702636719
0.85004186737395004413997412484604865312576293945312
-0.03741182282660555913356148494131048209965229034424
0.72710607000474158922997958143241703510284423828125
0.37838382422088023826489688872243277728557586669922
0.87785360809162693573881597330910153687000274658203
0.21222936496694749797242707245459314435720443725586
-0.68302149590639205101183506485540419816970825195312
-0.99229105007570272967143409914569929242134094238281
0.99845894942072310751512986826128326356410980224609
-0.28052210554998863178965962106303777545690536499023
0.94854697487568584435280172328930348157882690429688
0.56036118326917006005061239193310029804706573486328
0.84934446159091514516603638185188174247741699218750
-0.38038968123805561027950261632213369011878967285156
0.02911056697525703923501438907806004863232374191284
0.45890232693432841948322220559930428862571716308594
-0.76630309681644948049950016866205260157585144042969
-0.01908003723130555218112647253292379900813102722168
0.84832206875234961174214731727261096239089965820312
-0.95241932881823754275529836377245374023914337158203
0.48134006876738699709505908685969188809394836425781
0.99982982765401673397320791991660371422767639160156
-0.99999758941140404200353941632783971726894378662109
-0.53977911040685966348462443420430645346641540527344
-0.96880763566437089195915177697315812110900878906250
-0.99999457376842360023516675937571562826633453369141
-0.54024474427251978347896965715335682034492492675781
-0.99749385130086276607386253090226091444492340087891
-0.37807337423202563853052993181336205452680587768555
0.47069215101936034972851530255866236984729766845703
-0.58475233934124737356086143336142413318157196044922
0.98589548801447224324334683842607773840427398681641
0.59446181695050970272831136753666214644908905029297
-0.99958009683734638795016280710115097463130950927734
-0.65406230011656352196780517260776832699775695800781
-0.95906743187759191382468770825653336942195892333984
-0.89495004255357457623176742345094680786132812500000
-0.49031674583072959450191774521954357624053955078125
-0.21802600992831436266250477729045087471604347229004
0.67865026384469417930489498758106492459774017333984
0.99998090457925115082105094188591465353965759277344
0.14335406127390273867128200890874722972512245178223
0.05597699552189944194324766613135579973459243774414
0.89044773079976757834685940906638279557228088378906
-0.03762257318141528500410331048442458268254995346069
0.82935054094429117022002628800692036747932434082031
-0.11578871672070652210084773514608968980610370635986
0.86538827269539453368452086579054594039916992187500
-0.95343837349160398542124994492041878402233123779297
0.84044788289176963758109195623546838760375976562500
-0.10926248284530498677824539299763273447751998901367
-0.33509779023941821396448403902468271553516387939453
0.87473134439932209716062061488628387451171875000000
0.03014599815866464416203029941243585199117660522461
0.78081624156911244583056941337417811155319213867188
-0.98262845707806045769672209644340910017490386962891
0.45305703445793943373587353562470525503158569335938
0.99229105007570272967143409914569929242134094238281
-0.02911056697525703923501438907806004863232374191284
-0.39816685121603584418537025158002506941556930541992
0.38038968123805561027950261632213369011878967285156
0.76828275548577751319356821113615296781063079833984
0.93221448735657852502356490731472149491310119628906
-0.80489034181961871539101593953091651201248168945312
0.01908003723130555218112647253292379900813102722168
-0.84086624816744581778493738966062664985656738281250
0.02859982404959970220259535267359751742333173751831
-0.65360172015105100218335110184852965176105499267578
-0.99999997951881824942432785974233411252498626708984
-0.25519880679593792693893306022800970822572708129883
-0.99854777359038215944764260711963288486003875732422
-0.69257646182851761995635797575232572853565216064453
-0.90290141652345567990778363309800624847412109375000
0.08710491335314807237466538936132565140724182128906
-0.99632699540601044052579027265892364084720611572266
-0.75830176390184456103327192977303639054298400878906
-0.06295481241577766118311387799622025340795516967773
0.85341821887786695199906716879922896623611450195312
-0.12508203063688447254087066085048718377947807312012
0.09007406660889397120861588064144598320126533508301
0.29620531906271357902582508359046187251806259155273
0.96894944882081279757812808384187519550323486328125
-0.49246174145303150959662730201671365648508071899414
-0.96983745810662413955327565417974255979061126708984
-0.09007406660889397120861588064144598320126533508301
0.64380006021809443872427891619736328721046447753906
-0.99590103714186084538084742234786972403526306152344
-0.71969064223757162057637515317765064537525177001953
-0.13840152075411799037496507480682339519262313842773
-0.47648664846230964764473014838586095720529556274414
0.44301101419982991114210335581446997821331024169922
-0.44301101419982991114210335581446997821331024169922
0.51082586306529331743320199166191741824150085449219
0.99395409830753356228427719543105922639369964599609
-0.28600830529765658427621133341745007783174514770508
0.28600830529765658427621133341745007783174514770508
-0.54027398142394189584081232169410213828086853027344
0.77890288064172175097610306693241000175476074218750
-0.00962233945923027071678301780366382445208728313446
0.00962233945923027071678301780366382445208728313446
-0.88133972535596538655511267279507592320442199707031
0.90021290070913506653482727415394037961959838867188
0.68705731407406844812868484950740821659564971923828
-0.45560985383011215477111477412108797580003738403320
-0.83575845852618246833998227884876541793346405029297
-0.72953638158719458228773646624176762998104095458984
0.82232239820652153206026468978961929678916931152344
-0.10910846931336155851699487584482994861900806427002
0.68447095373222499592458234474179334938526153564453
-0.24572823896166354207259985287237213924527168273926
-0.86558827094399393153878463635919615626335144042969
-0.11304118626952601445179169559196452610194683074951
0.88896992608170777305787169098039157688617706298828
0.39210762286939893073167695547454059123992919921875
0.99999997951881824942432785974233411252498626708984
0.52934955499930969047284179396228864789009094238281
-0.50502046542356271441320814119535498321056365966797
0.54673399493848662267225790856173262000083923339844
-0.85957655432198609712912684699404053390026092529297
0.05841324307590082393071284627694694790989160537720
-0.83797054371955137508365396570297889411449432373047
0.21123654985927609040174957044655457139015197753906
-0.91078166734952936689495572863961569964885711669922
-0.84604539831543801309265973031870089471340179443359
-0.87195918272457484388127113561495207250118255615234
-0.07169343164261032796957806567661464214324951171875
-0.86876695300145889699905410452629439532756805419922
0.02102709551910455013090661680053017335012555122375
-0.78415915430133542596280449288315139710903167724609
0.06295481241577766118311387799622025340795516967773
-0.85067413530550473055313887016382068395614624023438
-0.85243478314064213829936988986446522176265716552734
0.13095773159441648214595943500171415507793426513672
0.99829870840315060309677619443391449749469757080078
-0.68673169054307614533882997420732863247394561767578
-0.89915836231938028877408441985608078539371490478516
0.09299018255153183865058252877133782021701335906982
0.06197686691080341730986091874910925980657339096069
0.83849734645760731766017670452129095792770385742188
-0.98800077490049809103567213242058642208576202392578
0.98800077490049809103567213242058642208576202392578
-0.41103323541438130384051419241586700081825256347656
-0.99930641164306233115155464474810287356376647949219
-0.63337211489891942495233934096177108585834503173828
-0.95084687721936944626577314920723438262939453125000
-0.65890644205192427929063114788732491433620452880859
0.52342173249104351206995033862767741084098815917969
0.99999513994780964143416213119053281843662261962891
0.52796379655943526110206676094094291329383850097656
0.99973703660280044402952626114711165428161621093750
0.74175770162437304477975885674823075532913208007812
0.99685147487184122550019083064398728311061859130859
0.53691280395217011456310274297720752656459808349609
0.99995686164997310552138287675916217267513275146484
0.48466494696098044725474096594552975147962570190430
0.99678124274772372803710140942712314426898956298828
-0.39158672041475706127044986715191043913364410400391
-0.92879128122409038148532545164925977587699890136719
-0.90487469068404313699005570015287958085536956787109
-0.48912191000417093444951888159266673028469085693359
-0.98417744073987578623530225740978494286537170410156
-0.59485856450568419528934782647411338984966278076172
0.19547988488109371840728556435351492837071418762207
0.77280782896816069271750393454567529261112213134766
0.03200410671177123661523822306662623304873704910278
-0.03200410671177123661523822306662623304873704910278
0.70086634934758718085134887587628327310085296630859
-0.46386872542662149765391177425044588744640350341797
0.47966423522877826846055882015207316726446151733398
0.99721290876508628109320397925330325961112976074219
0.51038789236400539106597307181800715625286102294922
0.99996608761544003574073258278076536953449249267578
0.39200267201700139674258593913691584020853042602539
0.84604539831543801309265973031870089471340179443359
-0.85612398280203683142985937593039125204086303710938
0.06097863952315608904175547877457574941217899322510
-0.86141185836631262162654820713214576244354248046875
-0.00094362501373917626566745209260034243925474584103
-0.85071988118121455446640766240307129919528961181641
-0.83847626294371824240414525775122456252574920654297
-0.85559768265347169169388052978320047259330749511719
0.00624993782464667961551452179946863907389342784882
-0.85534526976491920269296542755910195410251617431641
0.01652082602810529821102392133980174548923969268799
-0.83563261825608803334830554376821964979171752929688
0.08058038521640498164089194688131101429462432861328
-0.83433654120958444799782682821387425065040588378906
0.02636702871843624867986832782662531826645135879517
0.91087653490959796798165371001232415437698364257812
0.72606652017502026907891377049963921308517456054688
0.94470166911739417159310505667235702276229858398438
-0.03599700442561882401948381016154598910361528396606
0.98989710765868221820085182116599753499031066894531
0.31216050639388853715772143004869576543569564819336
0.15064090998214424432788405283645261079072952270508
-0.93297796059543314228790222841780632734298706054688
-0.80549824883104348405282735257060267031192779541016
-0.15064090998214424432788405283645261079072952270508
-0.90192481146999592400703704697662033140659332275391
0.01866182437720941347802927623433788539841771125793
0.52707138696272171074497236986644566059112548828125
0.99994103207196138871637458578334189951419830322266
0.52328221793664275729440760187571868300437927246094
0.99992675051139789932364010383025743067264556884766
0.55686074910398719595150396344251930713653564453125
0.99999977493899272484867424282128922641277313232422
0.53265242889958508420988891884917393326759338378906
0.99999857133427028088590304832905530929565429687500
-0.42465191350989428542561654467135667800903320312500
-0.99990020540608048893460590988979674875736236572266
-0.63235641722327851077523064304841682314872741699219
0.06371856204956531655181350970451603643596172332764
0.59485856450568419528934782647411338984966278076172
-0.63750367492394555135604150564176961779594421386719
0.50288288977169137705658386039431206881999969482422
0.68328729988855652077717195425066165626049041748047
0.99931485842649947493043782742461189627647399902344
0.50602723295026896810355765410349704325199127197266
0.99961659789517465224406578272464685142040252685547
0.48544849922974075973058916133595630526542663574219
0.99482209341415706038702637670212425291538238525391
0.51291478926677713801041136321146041154861450195312
0.99997691223304063790067175432341173291206359863281
0.47578128855642926042790463725395966321229934692383
-0.96127231550841807372620451133116148412227630615234
0.96127231550841807372620451133116148412227630615234
-0.85191184079033621667775832975166849792003631591797
0.00916034313962827903554675401665008394047617912292
-0.84747257957528820959680615487741306424140930175781
-0.01899000111086355732648023320052743656560778617859
-0.84193821404302504607386481438879854977130889892578
-0.09521676224504700691841918569480185396969318389893
-0.84551695045672636830147439468419179320335388183594
0.00562259216755732916387389153101139527279883623123
-0.84618774720156886282040886726463213562965393066406
-0.00051918278189976236128289066584784450242295861244
0.99319652085810394837039893900509923696517944335938
0.36354115911136974936823662574170157313346862792969
0.93870810906898216607885387929854914546012878417969
-0.07639077009230367532044425615822547115385532379150
0.91857370231149604311582379523315466940402984619141
0.95828797784461772213404628928401507437229156494141
0.42799432358147171395756913625518791377544403076172
0.93297796059543314228790222841780632734298706054688
-0.79021297229136611139921342328307218849658966064453
-0.89581071184756777547875117306830361485481262207031
-0.82372668823664807469242532533826306462287902832031
0.06673243236572984349308512719289865344762802124023
0.52394330843136349695754461208707652986049652099609
0.99996227083147182224109883463825099170207977294922
0.52110177803082491365671558014582842588424682617188
0.99997579349401732873303672022302635014057159423828
-0.30888990483553468990862711507361382246017456054688
-0.99500103344374168923280876697390340268611907958984
-0.52463195302667775532512450809008441865444183349609
-0.93521659140304036483826166659127920866012573242188
-0.44973705736953784040110804198775440454483032226562
0.44692181664891161840813538219663314521312713623047
0.44326079142322505344253613657201640307903289794922
0.99186279740303084917485421101446263492107391357422
0.08586789882500070469895092628576094284653663635254
0.51383557910165189586138012600713409483432769775391
0.99351142796621438879611787342582829296588897705078
0.51447230387524867101234349320293404161930084228516
0.99827174834739218489687573310220614075660705566406
0.52128389077633996429028684360673651099205017089844
0.99981069031198765983958764991257339715957641601562
0.54525421901541593072693103749770671129226684570312
-0.67386647038232050377359882986638695001602172851562
0.99984998509906097829968985024606809020042419433594
-0.99984998509906097829968985024606809020042419433594
-0.84318141793786616222661223218892700970172882080078
-0.00252449857500728312709181722084395005367696285248
-0.83498578818190383188380110368598252534866333007812
-0.00487395543433485033124608065691063529811799526215
-0.82095033626015423422472849779296666383743286132812
0.08110196616125546487108266546783852390944957733154
0.90003868315513535502958575307275168597698211669922
0.02127414991753115783290617457623739028349518775940
0.88512852681830789247641178008052520453929901123047
-0.03717341453077931123782917666176217608153820037842
0.93797380209821501484412920035538263618946075439453
-0.93797380209821501484412920035538263618946075439453
0.84754443425349901275467345840297639369964599609375
0.82386095269492609638461999566061422228813171386719
-0.84122693511984125702696246662526391446590423583984
-0.09130936527762442689315491861634654924273490905762
-0.81000389449001009012363283545710146427154541015625
0.02569406570810573581242763907539483625441789627075
-0.45388264774990116912078974564792588353157043457031
-0.97839355379223125197540866793133318424224853515625
-0.58344852641812106064378440350992605090141296386719
-0.98009186186713959099137127850553952157497406005859
-0.61927020227930795748250147880753502249717712402344
0.09355969364310100233605993480523466132581233978271
0.44973705736953784040110804198775440454483032226562
0.76474051789920849397930169288883917033672332763672
0.99746241530386425822030105337034910917282104492188
0.40854676153286056949909266222675796598196029663086
0.99124961977293457593418679607566446065902709960938
0.52769294614240669361038271745201200246810913085938
0.99926269424617508718711178516969084739685058593750
-0.53014070709909433265494271836359985172748565673828
-0.96903344909271682539042558346409350633621215820312
0.53699797466731968853537182440049946308135986328125
0.99335542562948753175788851876859553158283233642578
0.61124407126231361520041218682308681309223175048828
-0.85869130680068583849617880332516506314277648925781
-0.89558041372501495658298154012300074100494384765625
0.85745797148087732342247591077466495335102081298828
0.00495391462703465793732116040359869657550007104874
0.84598942569889690190620967769064009189605712890625
-0.07761247311122530800897578728836379013955593109131
0.87689680864416508221381718612974509596824645996094
-0.16953902116620819806591669021145207807421684265137
0.88345294958739672974701306884526275098323822021484
0.16831015618259054233973870395857375115156173706055
0.79315864334832009152620457825833000242710113525391
0.91658940810656730491245980374515056610107421875000
-0.60836559795392275429293249544571153819561004638672
-0.16831015618259054233973870395857375115156173706055
0.22233623888212056263213867168815340846776962280273
-0.79404690379219111662223440362140536308288574218750
0.18271572898605412116346258244448108598589897155762
-0.68289346116257898522405866970075294375419616699219
0.02368865880606297116828251603237731615081429481506
0.61927020227930795748250147880753502249717712402344
0.51430810659983794419503055905806832015514373779297
0.56112064812420658910241400008089840412139892578125
0.99891750469726436900685939690447412431240081787109
0.41113273703718311580246336234267801046371459960938
0.99998674413733024124439907609485089778900146484375
-0.28477613068981239008437000848061870783567428588867
-0.98809870069310268281270737134036608040332794189453
-0.75868245494033659248600542923668399453163146972656
-0.95323292787306546092196413155761547386646270751953
-0.43311463343662526259691958330222405493259429931641
0.42661295706586516152114541000628378242254257202148
-0.72408622848279169392782250724849291145801544189453
0.98099334272363836184638330450979992747306823730469
0.71382421496106729374986343827913515269756317138672
0.90540140919333311764205518556991592049598693847656
0.33121539255539250712345733518304768949747085571289
0.79753182827105439933745856251334771513938903808594
0.97869742929960146238244078631396405398845672607422
-0.79753182827105439933745856251334771513938903808594
-0.75241036675286010471097597473999485373497009277344
-0.33121539255539250712345733518304768949747085571289
0.34394532131954175246946192601171787828207015991211
-0.87021407228403868661104070270084775984287261962891
0.02696684160621352563391717183094442589208483695984
0.17870034270597492942478368149750167503952980041504
0.42697911939884708454329143023642245680093765258789
0.99585899886585649287695787279517389833927154541016
0.00663898739349313461721724394237753585912287235260
0.45773295551648723877846691721060778945684432983398
0.99742836436606352457090451935073360800743103027344
0.20353129583347395747949803990195505321025848388672
0.85815299719581039639137998165097087621688842773438
0.54879037437297661927715353158419020473957061767578
-0.69755387163387572169170880442834459245204925537109
0.05965750408599942988807640631421236321330070495605
-0.49975161214044699908853885972348507493734359741211
0.78944387314003783284732662650640122592449188232422
0.99327430894354085122444075750536285340785980224609
-0.99327430894354085122444075750536285340785980224609
-0.75008813383572969790691331581911072134971618652344
-0.99999862072622514030939555595978163182735443115234
-0.50591940898219478484065803058911114931106567382812
-0.88637730768533873337844397610751911997795104980469
-0.04214143864602026140486756844438787084072828292847
0.65678576178129910445591121970210224390029907226562
0.92169203482503125890445971890585497021675109863281
0.47087001358893004754335720463132020086050033569336
0.99990986577421236969342999145737849175930023193359
0.46714113670824231050460184633266180753707885742188
-0.73065461922941510319873259504674933850765228271484
0.04213408244343821301702845971703936811536550521851
0.72608784793242053812178937732824124395847320556641
0.99999590663988680017126853272202424705028533935547
-0.73709982290557907180783558942493982613086700439453
-0.04213408244343821301702845971703936811536550521851
-0.99649357196488685950441777094965800642967224121094
-0.90262742511988791616062144385068677365779876708984
0.01472747292116966498498609183798180310986936092377
0.73065461922941510319873259504674933850765228271484
0.48849393657386619427285268102423287928104400634766
0.98448380474714569654537399401306174695491790771484
-0.73381856750908580622194676834624260663986206054688
0.99933463592583648971157117557595483958721160888672
-0.99933463592583648971157117557595483958721160888672
-0.87139160942224769268449335868353955447673797607422
0.04373492842357050436330467846346436999738216400146
0.59732147392012802100680346484296023845672607421875
0.54830900454133568722170366527279838919639587402344
0.99773194556089050966107834028662182390689849853516
-0.88988299813597304677159627317450940608978271484375
-0.88965111064900714854530860975501127541065216064453
0.42218967906088922248386552382726222276687622070312
-0.73923646148493094010234472079901024699211120605469
0.23506076529495353866217044469522079452872276306152
0.88632433230200036167190091873635537922382354736328
-0.47057080622515823353779751414549537003040313720703
-0.99719257391259108480596751178381964564323425292969
0.72347413596478626907071429741336032748222351074219
-0.44536908945846614971131316451646853238344192504883
0.74321534497066588098590500521822832524776458740234
0.88705865229224367674021323182387277483940124511719
-0.23506076529495353866217044469522079452872276306152
0.86789904367209858015996815083781257271766662597656
-0.32157983820748375913822769689431879669427871704102
0.72378487260324664287480800339835695922374725341797
0.95898615134154041594882755816797725856304168701172
-0.88597977699247132399307247396791353821754455566406
-0.94660486107379171460962652417947538197040557861328
-0.77769311014744135768239630124298855662345886230469
-0.95898615134154041594882755816797725856304168701172
0.91066362216654528349835118206101469695568084716797
0.82440661258180492065861244554980657994747161865234
0.92057214859958813590878889954183250665664672851562
-0.63797992131865299825221882201731204986572265625000
0.52259172182495405856172965286532416939735412597656
0.51683679969702966960909407134749926626682281494141
0.56519009523804131234214764845091849565505981445312
-0.55358466125993865958321293874178081750869750976562
0.52941166144814755245562309937668032944202423095703
-0.42500569318644959571074082305131014436483383178711
0.32157983820748375913822769689431879669427871704102
-0.47197220575173765011456339379947166889905929565430
0.92485831872906532069578133814502507448196411132812
-0.52083573969885643695221233429037965834140777587891
-0.46973484386499875231635314776212908327579498291016
-0.98124605861945335405494006408844143152236938476562
-0.50166368344632394915549866709625348448753356933594
-0.95986546493645830135932328630588017404079437255859
-0.50752943475222567215610069979447871446609497070312
0.40303545709053123502485505014192312955856323242188
0.62847669361599223236680700210854411125183105468750
0.87654421745055488557341050182003527879714965820312
0.84480507626420997535632295694085769355297088623047
0.86363481614313031275997900593210943043231964111328
-0.86618610338603974074800362359383143484592437744141
-0.94792393985180656290623346649226732552051544189453
-0.79558301045343349233718299728934653103351593017578
-0.94613112757397832552896943525411188602447509765625
0.86889707744642030728954296137089841067790985107422
0.83000243662775485820048970708739943802356719970703
0.99278196623628323091992342597222886979579925537109
-0.87191942312055659147773667427827604115009307861328
0.23527230293238240999009747156378580257296562194824
-0.23527230293238240999009747156378580257296562194824
0.86016365564611541039141684450441971421241760253906
0.87085925255560481250682869358570314943790435791016
0.85162031108298064108197422683588229119777679443359
0.83392906525820664764836465110420249402523040771484
-0.52259172182495405856172965286532416939735412597656
-0.55886560878347879555150257147033698856830596923828
0.45180744071825384988727591917268000543117523193359
-0.54617731433432747945033725045504979789257049560547
0.50986349819306353570169676459045149385929107666016
0.51765868291261774025713293667649850249290466308594
-0.47126283955345876774956082044809591025114059448242
0.49134718624952233856362227015779353678226470947266
-0.61254905880923127270420991408172994852066040039062
0.49084560253248055161634511023294180631637573242188
-0.62373638018026078544409074311261065304279327392578
0.42215163624998491842532644113816786557435989379883
0.95986546493645830135932328630588017404079437255859
-0.36257351428426493056278445692441891878843307495117
-0.10151667066002759143295008925633737817406654357910
0.48153824944743833791349629791511688381433486938477
-0.50209717393979547139792884991038590669631958007812
-0.95070895618089124035066106443991884589195251464844
0.50831771187336072248541540830046869814395904541016
0.86160795144085444707826582089182920753955841064453
0.85632247836119135264709711918840184807777404785156
0.86402945104336303927539120195433497428894042968750
0.85591282660203016341426973667694255709648132324219
-0.83399969237555726664368194178678095340728759765625
-0.89029602666261942189862566010560840368270874023438
-0.75792478197232615588774251591530628502368927001953
-0.90298389200643380814170768644544295966625213623047
-0.99129980417931384817364914852078072726726531982422
-0.62382017107030285352209375560050830245018005371094
0.62382017107030285352209375560050830245018005371094
0.86351454514646253102228001807816326618194580078125
0.90815332326420628028529336006613448262214660644531
0.86342362666569616447276303006219677627086639404297
0.77472007751728133584379065723624080419540405273438
-0.82738276337544125471623601697501726448535919189453
0.87599694827274843245135116376332007348537445068359
-0.02886088160181074502297349226864753291010856628418
0.02886088160181074502297349226864753291010856628418
-0.48883035672061486698325438737811055034399032592773
0.75380146746382381550688478455413132905960083007812
-0.52994636232924596797033700568135827779769897460938
0.54263182320035452388395924572250805795192718505859
-0.54187906937657903672089787505683489143848419189453
0.52096173973736470408368859352776780724525451660156
0.51300179958101388422164745861664414405822753906250
-0.54057477110236562545253491407493129372596740722656
0.30544947806143563084901870752219110727310180664062
-0.08102333916750106834747668926866026595234870910645
-0.75672129541246424544453930138843134045600891113281
0.63196038099783335972858822060516104102134704589844
-0.50031808744420325218982270598644390702247619628906
0.63177177650019400445557948842179030179977416992188
-0.02030172310890189166232566719827445922419428825378
-0.67906368917312509569939038556185550987720489501953
0.39043004536178088637043970265949610620737075805664
0.51421139719477959584281734350952319800853729248047
0.87854186121048838398195357513031922280788421630859
0.86648319080411206893899134229286573827266693115234
0.86235099882497168177764024221687577664852142333984
0.85974256548151617440822747084894217550754547119141
0.85260164043841957237646056455560028553009033203125
-0.89293915479285523861818774093990214169025421142578
0.85092118832600904809737585310358554124832153320312
-0.99991748301432670231747579236980527639389038085938
-0.69901559261846601955880942114163190126419067382812
0.69901559261846601955880942114163190126419067382812
0.87939383911389035208827635869965888559818267822266
0.80361518351297456241866257187211886048316955566406
0.90866692068411225591262336820363998413085937500000
-0.73292396532066983461106701724929735064506530761719
0.80042382832322600538788037738413549959659576416016
-0.85559193756235762950979051311151124536991119384766
-0.87175932347649776055220627313246950507164001464844
0.87173120281876359527473141497466713190078735351562
-0.28327475194406237513078394840704277157783508300781
-0.37240179526924482855676501458219718188047409057617
0.28327475194406237513078394840704277157783508300781
-0.52155886972086418218452763539971783757209777832031
0.55153607045716968038107097527245059609413146972656
-0.53433550900920601112176200331305153667926788330078
0.52895274814958881393067713361233472824096679687500
-0.54059473104744915072927824439830146729946136474609
0.50902694632913292327458520958316512405872344970703
-0.53617502677133022093158842835691757500171661376953
0.50181244085976739466303797598811797797679901123047
-0.43412626378919061398420353725668974220752716064453
0.75672129541246424544453930138843134045600891113281
-0.46751061317095121694364934228360652923583984375000
0.69158137367575200915581490335171110928058624267578
-0.40592595630091987679577414382947608828544616699219
0.44001297622035323575673260165785904973745346069336
-0.51445689589235477079398606292670592665672302246094
-0.97026577830024463011682200885843485593795776367188
0.60899216541048672990399381887982599437236785888672
0.86977036402098562017926042244653217494487762451172
0.87580097122969657874591575819067656993865966796875
0.85828193500395866255558985358220525085926055908203
0.86554703180449032995369407217367552220821380615234
0.84574644908208296278928628453286364674568176269531
0.85391911714750512452098973881220445036888122558594
0.84110050980376949159023070023977197706699371337891
-0.87018995717284530755364357901271432638168334960938
0.85248890016145562054106221694382838904857635498047
0.89362918570508342863689676960348151624202728271484
0.73768282224786640988156705134315416216850280761719
0.99907336424288295528839398684795014560222625732422
-0.45080946804180604958744993382424581795930862426758
0.45080946804180604958744993382424581795930862426758
0.83797338953336086841972019101376645267009735107422
-0.95841479295888021283644775394350290298461914062500
-0.49914181347994507342846759456733707338571548461914
0.49914181347994507342846759456733707338571548461914
-0.58254782344472455513084696576697751879692077636719
0.91661647499074017098052991059375926852226257324219
0.56036118326917006005061239193310029804706573486328
0.90404615591699843957229631996597163379192352294922
-0.51748156744687878738631070518749766051769256591797
0.48043281312537594596179246764222625643014907836914
-0.51865335707740689574762882330105639994144439697266
-0.53074460627750819075032495675259269773960113525391
0.50202221708547178913306652248138561844825744628906
-0.53528797474234701692097360137267969548702239990234
0.49580692103083856547840468920185230672359466552734
-0.54639027129794803805395986273651942610740661621094
0.49503212800548096472752490626589860767126083374023
-0.48745878920432222924929988039366435259580612182617
0.49312033170010494131929590366780757904052734375000
0.47069215101936034972851530255866236984729766845703
-0.54958444808030337824789057776797562837600708007812
0.45546768125411191130424981565738562494516372680664
-0.70344063375360432743832461710553616285324096679688
-0.37807337423202563853052993181336205452680587768555
-0.03142962870852545470556904660952568519860506057739
0.41724568005440215712198437358892988413572311401367
0.49448248369004466074017045684740878641605377197266
0.88593192416531529875811656893347389996051788330078
0.73201713991616101928627813322236761450767517089844
0.99998090457925115082105094188591465353965759277344
0.87693286920432100828293187078088521957397460937500
0.88983394367931467616728014036198146641254425048828
0.86012013018219457549662365636322647333145141601562
0.82368219493849603729529462725622579455375671386719
0.85004186737395004413997412484604865312576293945312
0.86163630449720529647095190739491954445838928222656
-0.78683765083662071671000148853636346757411956787109
0.83254897461183308138288339250721037387847900390625
0.87785360809162693573881597330910153687000274658203
0.72991632740704404103126989866723306477069854736328
0.99845894942072310751512986826128326356410980224609
0.83427926260746809727919526267214678227901458740234
-0.90824720525246216418224776134593412280082702636719
-0.98320367402142172519319274215376935899257659912109
-0.34657604910787709329156314197462052106857299804688
0.34657604910787709329156314197462052106857299804688
0.48051673997712357477851696785364765673875808715820
0.91969633917913506948593749257270246744155883789062
-0.48051673997712357477851696785364765673875808715820
0.85893163412966433423179068995523266494274139404297
0.84934446159091514516603638185188174247741699218750
0.87789280193161678411684079037513583898544311523438
0.98210617227544505514202910489984788000583648681641
0.35093149829270248174495350212964694947004318237305
0.84832206875234961174214731727261096239089965820312
0.87967526575412968714573480610852129757404327392578
-0.87967526575412968714573480610852129757404327392578
0.99982982765401673397320791991660371422767639160156
0.41778741961065174459477589152811560779809951782227
-0.54553123048628071600774092075880616903305053710938
0.48134006876738699709505908685969188809394836425781
-0.41778741961065174459477589152811560779809951782227
-0.55279498371341784235255545354448258876800537109375
0.47360351052789867454251293565903324633836746215820
-0.54024474427251978347896965715335682034492492675781
-0.95906743187759191382468770825653336942195892333984
-0.51332209930605088299415683650295250117778778076172
0.45724662929536508126915350658237002789974212646484
0.29620531906271357902582508359046187251806259155273
-0.12508203063688447254087066085048718377947807312012
-0.49874311041245988906922548267175443470478057861328
0.64438209072704755175919899556902237236499786376953
-0.65406230011656352196780517260776832699775695800781
0.03740744595034861674776038853451609611511230468750
0.52824845820694832365660431605647318065166473388672
0.89044773079976757834685940906638279557228088378906
0.98786961911713522255240604863502085208892822265625
0.14335406127390273867128200890874722972512245178223
-0.87789280193161678411684079037513583898544311523438
0.86538827269539453368452086579054594039916992187500
0.70855605811992694587075902745709754526615142822266
0.84044788289176963758109195623546838760375976562500
0.83992376677958713315774730290286242961883544921875
0.82935054094429117022002628800692036747932434082031
0.90129048510738729582669748197076842188835144042969
-0.83668146174744983945004150882596150040626525878906
0.81721196237748905399911336644436232745647430419922
0.90021290070913506653482727415394037961959838867188
-0.95343837349160398542124994492041878402233123779297
0.85405242704759309901874075876548886299133300781250
0.87473134439932209716062061488628387451171875000000
0.69096826150397605559305702627170830965042114257812
-0.49959837158615977292797083464392926543951034545898
0.99648736133409565596252832619938999414443969726562
0.49959837158615977292797083464392926543951034545898
-0.94553123971974106787286018516169860959053039550781
-0.95241932881823754275529836377245374023914337158203
-0.39816685121603584418537025158002506941556930541992
-0.51129444360196196761592091206694021821022033691406
0.39210762286939893073167695547454059123992919921875
-0.96880763566437089195915177697315812110900878906250
-0.80489034181961871539101593953091651201248168945312
-0.90001199684384847188312051002867519855499267578125
-0.84086624816744581778493738966062664985656738281250
-0.93429829199795644267823035988840274512767791748047
-0.59091229149409330023701159007032401859760284423828
0.55606988706942794831178389358683489263057708740234
-0.53977911040685966348462443420430645346641540527344
0.50913900269302614365329873180598951876163482666016
-0.69257646182851761995635797575232572853565216064453
-0.90290141652345567990778363309800624847412109375000
-0.58475233934124737356086143336142413318157196044922
0.37540483976598976179062105984485242515802383422852
0.85341821887786695199906716879922896623611450195312
0.88388221889014184640132043568883091211318969726562
-0.80098829057548281973311077308608219027519226074219
0.80098829057548281973311077308608219027519226074219
-0.71259257665337216725021107777138240635395050048828
0.13095773159441648214595943500171415507793426513672
0.47708350734342253041120329726254567503929138183594
-0.49246174145303150959662730201671365648508071899414
-0.88030047687462020800097661776817403733730316162109
-0.33556189919556550504964320680301170796155929565430
-0.49031674583072959450191774521954357624053955078125
0.65722840613604338599884613358881324529647827148438
0.88030047687462020800097661776817403733730316162109
0.46886105064384070439942320263071451336145401000977
0.99938992355779732168485907095600850880146026611328
-0.98786961911713522255240604863502085208892822265625
-0.44873291928986702714610146358609199523925781250000
0.52934955499930969047284179396228864789009094238281
0.85257028041681737207113656040746718645095825195312
-0.54027398142394189584081232169410213828086853027344
-0.99938992355779732168485907095600850880146026611328
0.96780775963005372108938217934337444603443145751953
0.77890288064172175097610306693241000175476074218750
-0.85257028041681737207113656040746718645095825195312
-0.73842266770760345284685399747104384005069732666016
0.68705731407406844812868484950740821659564971923828
-0.45560985383011215477111477412108797580003738403320
-0.96780775963005372108938217934337444603443145751953
-0.19673975787487474331527437243494205176830291748047
-0.98262845707806045769672209644340910017490386962891
0.83878142776337016872645335752167738974094390869141
0.82232239820652153206026468978961929678916931152344
0.88267505159741621589830629091011360287666320800781
0.68447095373222499592458234474179334938526153564453
-0.24572823896166354207259985287237213924527168273926
0.88896992608170777305787169098039157688617706298828
0.70086634934758718085134887587628327310085296630859
-0.54006264287439054161410467713722027838230133056641
0.54673399493848662267225790856173262000083923339844
-0.50502046542356271441320814119535498321056365966797
-0.99988385919491051812002524457057006657123565673828
-0.29107517817433492535172945281374268233776092529297
-0.85925101719669361166609178326325491070747375488281
-0.85957655432198609712912684699404053390026092529297
-0.88532367682614576676058959492365829646587371826172
-0.83797054371955137508365396570297889411449432373047
-0.89968769317043573163772407497162930667400360107422
0.29107517817433492535172945281374268233776092529297
-0.88388221889014184640132043568883091211318969726562
-0.87195918272457484388127113561495207250118255615234
-0.83121028830930443476177060802001506090164184570312
-0.86876695300145889699905410452629439532756805419922
-0.96983745810662413955327565417974255979061126708984
-0.78415915430133542596280449288315139710903167724609
-0.87736608954785078040572443569544702768325805664062
-0.06261813353825050609824387493063113652169704437256
-0.66287399038607397461220216428046114742755889892578
0.06197686691080341730986091874910925980657339096069
0.45790306849497730556919350419775582849979400634766
-0.68673169054307614533882997420732863247394561767578
-0.89915836231938028877408441985608078539371490478516
-0.74068465846746456282545523208682425320148468017578
0.31216050639388853715772143004869576543569564819336
-0.13840152075411799037496507480682339519262313842773
0.83849734645760731766017670452129095792770385742188
0.50043486970121731083338545431615784764289855957031
-0.47648664846230964764473014838586095720529556274414
0.52425209377084613926456313492963090538978576660156
-0.41103323541438130384051419241586700081825256347656
0.47753369208055634898002494992397259920835494995117
-0.48335292020150882885687337875424418598413467407227
0.52796379655943526110206676094094291329383850097656
-0.49567981359309787325884144593146629631519317626953
0.51038789236400539106597307181800715625286102294922
-0.38186874878462839788539895380381494760513305664062
0.53691280395217011456310274297720752656459808349609
-0.47884244255930391576114857343782205134630203247070
0.52707138696272171074497236986644566059112548828125
-0.47973598411351503489896686005522496998310089111328
0.55686074910398719595150396344251930713653564453125
0.70529629463455600912880072428379207849502563476562
-0.01044184632193097955754623740176612045615911483765
-0.83575845852618246833998227884876541793346405029297
0.52261883312628265585431108775082975625991821289062
-0.39158672041475706127044986715191043913364410400391
0.19547988488109371840728556435351492837071418762207
0.92858969683368064451656209712382405996322631835938
0.97441876482608413834185512314434163272380828857422
0.77280782896816069271750393454567529261112213134766
-0.92858969683368064451656209712382405996322631835938
-0.46386872542662149765391177425044588744640350341797
-0.97441876482608413834185512314434163272380828857422
-0.52625486517924480178720614276244305074214935302734
0.39200267201700139674258593913691584020853042602539
-0.52233379573244298477163738425588235259056091308594
0.48544849922974075973058916133595630526542663574219
-0.74671130110900163501241877384018152952194213867188
-0.00546342645026816689513005087519559310749173164368
-0.85870861236029061291930020161089487373828887939453
-0.85612398280203683142985937593039125204086303710938
-0.88111142997806446430786309065297245979309082031250
-0.86141185836631262162654820713214576244354248046875
-0.89269794257320467245619965979130938649177551269531
0.00546342645026816689513005087519559310749173164368
-0.85243478314064213829936988986446522176265716552734
-0.85559768265347169169388052978320047259330749511719
-0.85112903556264096760486381754162721335887908935547
-0.85534526976491920269296542755910195410251617431641
-0.81109305008194199082538489165017381310462951660156
-0.83563261825608803334830554376821964979171752929688
-0.86270707259239831632413597617414779961109161376953
-0.83433654120958444799782682821387425065040588378906
0.68689632637085995536807558892178349196910858154297
-0.08199343937066765064525242223680834285914897918701
0.62668899764720498168912854453083127737045288085938
0.94470166911739417159310505667235702276229858398438
0.64105162719883779232077358756214380264282226562500
-0.30171003323666562012661529479373712092638015747070
0.90864287501844753780488872507703490555286407470703
0.30171003323666562012661529479373712092638015747070
-0.95084687721936944626577314920723438262939453125000
-0.80549824883104348405282735257060267031192779541016
-0.65890644205192427929063114788732491433620452880859
-0.90192481146999592400703704697662033140659332275391
-0.50047675357825882613838075485546141862869262695312
0.52328221793664275729440760187571868300437927246094
-0.51250510608407928714314039098098874092102050781250
0.51291478926677713801041136321146041154861450195312
-0.47729383842050532305023580192937515676021575927734
0.53265242889958508420988891884917393326759338378906
-0.50382591147385491492372011634870432317256927490234
0.52394330843136349695754461208707652986049652099609
0.56470445053310891481146427395287901163101196289062
-0.48912191000417093444951888159266673028469085693359
0.06371856204956531655181350970451603643596172332764
0.70334317142585089932538267021300271153450012207031
-0.70334317142585089932538267021300271153450012207031
0.50288288977169137705658386039431206881999969482422
0.99186279740303084917485421101446263492107391357422
-0.38529568360842314511671702348394319415092468261719
0.44326079142322505344253613657201640307903289794922
-0.49870589100152257211462369923538062721490859985352
0.51383557910165189586138012600713409483432769775391
-0.56004634563173316674777879597968421876430511474609
0.47578128855642926042790463725395966321229934692383
-0.53025269727112089857001819837023504078388214111328
0.51447230387524867101234349320293404161930084228516
-0.46377247211057565090541743302310351282358169555664
-0.83847626294371824240414525775122456252574920654297
0.52062199056342828296095603946014307439327239990234
-0.86400237691887160629278241685824468731880187988281
-0.85191184079033621667775832975166849792003631591797
-0.87830518783451794195826778377522714436054229736328
-0.84747257957528820959680615487741306424140930175781
-0.88081415700277476688029310025740414857864379882812
-0.84193821404302504607386481438879854977130889892578
-0.86674516853355321188701054779812693595886230468750
-0.84551695045672636830147439468419179320335388183594
-0.86912508732340676420591307760332711040973663330078
-0.84618774720156886282040886726463213562965393066406
0.74156702452598022290430890279822051525115966796875
0.99319652085810394837039893900509923696517944335938
0.79550898207696396635668634189642034471035003662109
0.93870810906898216607885387929854914546012878417969
0.95828797784461772213404628928401507437229156494141
0.58844149812874313454358343733474612236022949218750
0.91857370231149604311582379523315466940402984619141
0.29746704572653420717287531260808464139699935913086
-0.79848307222441805564017158758360892534255981445312
-0.29746704572653420717287531260808464139699935913086
-0.74659096492980070447487150886445306241512298583984
-0.82372668823664807469242532533826306462287902832031
-0.51135713365070734059969481677399016916751861572266
0.52110177803082491365671558014582842588424682617188
-0.52222685889357600697024963665171526372432708740234
0.52128389077633996429028684360673651099205017089844
0.57310772783326113799517997904331423342227935791016
-0.42465191350989428542561654467135667800903320312500
0.70298775346142594599996300530619919300079345703125
-0.30888990483553468990862711507361382246017456054688
0.44692181664891161840813538219663314521312713623047
0.95119204702122206462888698297319933772087097167969
-0.62216676402053150418680615985067561268806457519531
0.08586789882500070469895092628576094284653663635254
-0.95119204702122206462888698297319933772087097167969
-0.51544296461560790145739474610309116542339324951172
0.40854676153286056949909266222675796598196029663086
-0.52314762765659494903047743719071149826049804687500
0.54525421901541593072693103749770671129226684570312
-0.52848568366580339628058027301449328660964965820312
0.52769294614240669361038271745201200246810913085938
-0.51543237579526179903410820770659483969211578369141
-0.92672384193472834290616901853354647755622863769531
0.61124407126231361520041218682308681309223175048828
-0.52062199056342828296095603946014307439327239990234
-0.87178435682299915132631440428667701780796051025391
-0.84318141793786616222661223218892700970172882080078
-0.87838627124911772270365872827824205160140991210938
-0.83498578818190383188380110368598252534866333007812
-0.88920578312302811507805699875461868941783905029297
-0.82095033626015423422472849779296666383743286132812
0.85170606658763059471084488905034959316253662109375
0.90003868315513535502958575307275168597698211669922
0.84933481049117653949309669769718311727046966552734
0.88512852681830789247641178008052520453929901123047
0.82386095269492609638461999566061422228813171386719
-0.58844149812874313454358343733474612236022949218750
0.82829109106439735565885484902537427842617034912109
0.22233623888212056263213867168815340846776962280273
-0.89581071184756777547875117306830361485481262207031
-0.84122693511984125702696246662526391446590423583984
-0.81390494236615229528553072668728418648242950439453
-0.81000389449001009012363283545710146427154541015625
0.57363731921033844773916143822134472429752349853516
-0.52463195302667775532512450809008441865444183349609
0.65530501394275186832771851186407729983329772949219
-0.45388264774990116912078974564792588353157043457031
0.09355969364310100233605993480523466132581233978271
0.75314655934411733895217366807628422975540161132812
-0.75314655934411733895217366807628422975540161132812
-0.38455832127353190008633987417852040380239486694336
0.56112064812420658910241400008089840412139892578125
-0.52569039571673004118679273233283311128616333007812
0.41113273703718311580246336234267801046371459960938
-0.54046007135363482998258177758543752133846282958984
0.53699797466731968853537182440049946308135986328125
0.47047711220200821857773121337231714278459548950195
-0.58344852641812106064378440350992605090141296386719
-0.56830431307430373522038280498236417770385742187500
0.42661295706586516152114541000628378242254257202148
-0.24133236775027827603068431017163675278425216674805
-0.89383513021006366638943063662736676633358001708984
0.24133236775027827603068431017163675278425216674805
0.87982558457412496366600862529594451189041137695312
0.85745797148087732342247591077466495335102081298828
0.85047079679808335050950063305208459496498107910156
0.84598942569889690190620967769064009189605712890625
0.71382421496106729374986343827913515269756317138672
0.87689680864416508221381718612974509596824645996094
0.91658940810656730491245980374515056610107421875000
0.88345294958739672974701306884526275098323822021484
0.79831846672020723154616916872328147292137145996094
0.34394532131954175246946192601171787828207015991211
-0.92438883360737589267586145069799385964870452880859
-0.99763181374690756975098793191136792302131652832031
-0.60836559795392275429293249544571153819561004638672
-0.84860173663347227002162753706215880811214447021484
-0.79404690379219111662223440362140536308288574218750
0.02368865880606297116828251603237731615081429481506
0.71152856724388513498524844180792570114135742187500
-0.71152856724388513498524844180792570114135742187500
0.99585899886585649287695787279517389833927154541016
-0.59232953168284485645500581085798330605030059814453
0.42697911939884708454329143023642245680093765258789
-0.61495774710724060430067083871108479797840118408203
0.45773295551648723877846691721060778945684432983398
0.54587747103812755966600889223627746105194091796875
-0.53014070709909433265494271836359985172748565673828
0.51430810659983794419503055905806832015514373779297
-0.28477613068981239008437000848061870783567428588867
0.64694414025336532958476709609385579824447631835938
-0.72408622848279169392782250724849291145801544189453
-0.89558041372501495658298154012300074100494384765625
0.79093349884381036751790361449820920825004577636719
-0.40600092077111399335720420822326559573411941528320
0.92028889352228182563209202271536923944950103759766
0.90540140919333311764205518556991592049598693847656
0.97869742929960146238244078631396405398845672607422
0.50867316035167053911436596536077558994293212890625
-0.92028889352228182563209202271536923944950103759766
-0.76888293805186991303202148628770373761653900146484
-0.99992323506957137002615354504087008535861968994141
-0.75241036675286010471097597473999485373497009277344
-0.88356549292868891143371001817286014556884765625000
-0.87021407228403868661104070270084775984287261962891
0.89451160218610548113815639226231724023818969726562
-0.69267701116560653762377341990941204130649566650391
0.00663898739349313461721724394237753585912287235260
-0.89451160218610548113815639226231724023818969726562
-0.58657864718391750091797121058334596455097198486328
0.47087001358893004754335720463132020086050033569336
0.85815299719581039639137998165097087621688842773438
0.92169203482503125890445971890585497021675109863281
0.98073228188239336411413660243852064013481140136719
0.20353129583347395747949803990195505321025848388672
0.99107300258710118168181679720873944461345672607422
0.54879037437297661927715353158419020473957061767578
0.94429671326359498895186561640002764761447906494141
0.35921090589017945493566230652504600584506988525391
-0.50867316035167053911436596536077558994293212890625
-0.76286275156435756628070521401241421699523925781250
-0.24336634062471171335850783634668914601206779479980
-0.99999862072622514030939555595978163182735443115234
-0.87931715822838940610495228611398488283157348632812
-0.88637730768533873337844397610751911997795104980469
-0.69957641942582582395004919817438349127769470214844
-0.08428778749394001679196009035877068527042865753174
-0.51379523230870516314894302922766655683517456054688
0.48849393657386619427285268102423287928104400634766
0.97042250064740132042828690828173421323299407958984
0.08428778749394001679196009035877068527042865753174
0.72608784793242053812178937732824124395847320556641
0.99999590663988680017126853272202424705028533935547
0.52292513296823739388230478652985766530036926269531
-0.74137829313219993920824890665244311094284057617188
-0.99649357196488685950441777094965800642967224121094
-0.35921090589017945493566230652504600584506988525391
-0.84211680200201255441783132482669316232204437255859
-0.90262742511988791616062144385068677365779876708984
-0.41265584238402447381233173473447095602750778198242
-0.50850850940910663489091803057817742228507995605469
0.54830900454133568722170366527279838919639587402344
-0.79159427365294510181570331042166799306869506835938
0.59732147392012802100680346484296023845672607421875
-0.52292513296823739388230478652985766530036926269531
-0.88075579272398640817698378668865188956260681152344
-0.87139160942224769268449335868353955447673797607422
-0.28369051426297531293130305130034685134887695312500
-0.61519867658385585240665704986895434558391571044922
0.42218967906088922248386552382726222276687622070312
-0.88124860429797879923796699586091563105583190917969
0.28369051426297531293130305130034685134887695312500
-0.73923646148493094010234472079901024699211120605469
-0.88965111064900714854530860975501127541065216064453
