3.00000000000000000000000000000000000000000000000000
0.00000000000000018369701987210296875011296034045003
-3.00000000000000000000000000000000000000000000000000
-0.00000000000000055109105961630895555414545733458793
3.00000000000000000000000000000000000000000000000000
1.50000000000000000000000000000000000000000000000000
1.48817205197171675834511006542015820741653442382812
1.45287474169294661408002866664901375770568847656250
1.39466472883237724289529069210402667522430419921875
1.31446002006579543142095189978135749697685241699219
1.21352549156242117689430415339302271604537963867188
1.09345294113211721764855610672384500503540039062500
0.95613598462303439617926414939574897289276123046875
0.80374019246849481845629270537756383419036865234375
0.63866893734760898926339223180548287928104400634766
0.46352549156242117689430415339302271604537963867188
0.28107197187858712350561063431086950004100799560547
0.09418577929397028980496031635993858799338340759277
-0.09418577929397009551593100695754401385784149169922
-0.28107197187858723452791309682652354240417480468750
-0.46352549156242101036085045961954165250062942504883
-0.63866893734760910028569469432113692164421081542969
-0.80374019246849526254550255544018000364303588867188
-0.95613598462303461822386907442705705761909484863281
-1.09345294113211699560395118169253692030906677246094
-1.21352549156242095484969922836171463131904602050781
-1.31446002006579520937634697475004941225051879882812
-1.39466472883237702085068576707271859049797058105469
-1.45287474169294661408002866664901375770568847656250
-1.48817205197171675834511006542015820741653442382812
-1.50000000000000000000000000000000000000000000000000
-1.48817205197171675834511006542015820741653442382812
-1.45287474169294661408002866664901375770568847656250
-1.39466472883237679880608084204141050577163696289062
-1.31446002006579565346555682481266558170318603515625
-1.21352549156242117689430415339302271604537963867188
-1.09345294113211721764855610672384500503540039062500
-0.95613598462303428515696168688009493052959442138672
-0.80374019246849448538938531783060170710086822509766
-0.63866893734760821210727499419590458273887634277344
-0.46352549156242134342775784716650377959012985229492
-0.28107197187858695697215694053738843649625778198242
-0.09418577929396981796017485066840890794992446899414
0.09418577929396924897087473027568194083869457244873
0.28107197187858640186064462795911822468042373657227
0.46352549156242084382739676584606058895587921142578
0.63866893734760776801806514413328841328620910644531
0.80374019246849393027787300525233149528503417968750
0.95613598462303395209005429933313280344009399414062
1.09345294113211677355934625666122883558273315429688
1.21352549156242095484969922836171463131904602050781
1.31446002006579543142095189978135749697685241699219
1.39466472883237679880608084204141050577163696289062
1.45287474169294639203542374161770567297935485839844
1.48817205197171675834511006542015820741653442382812
1.50000000000000000000000000000000000000000000000000
-2.90920106301462011444414201832842081785202026367188
-2.59484225921057509722800205054227262735366821289062
-2.63863871032453500831138626381289213895797729492188
-2.89788844921964905410050050704739987850189208984375
-2.42270689374817438377363032486755400896072387695312
-2.23884593134330955876976076979190111160278320312500
-2.11854834915091672087328333873301744461059570312500
-2.27627773370609132186359602201264351606369018554688
-1.82840267939963552201731999957701191306114196777344
-2.35394488474923191390075771778356283903121948242188
-1.92511716206232597059511135739739984273910522460938
-1.78688895375870604453893975005485117435455322265625
-2.02936379659414800613603802048601210117340087890625
-1.62948800922855197015337580523919314146041870117188
-2.08032310703017264685854570416267961263656616210938
-1.67557214046854285882659496564883738756179809570312
-1.91654995607643385824303550180047750473022460937500
-2.03008998143671659519782224379014223814010620117188
-2.19642135317165276831019582459703087806701660156250
-1.85613307678036476566774126695236191153526306152344
-1.58927095714085298006068569520721212029457092285156
-1.73433289977975424456246855697827413678169250488281
-1.56649149512358487612573298974893987178802490234375
-1.64778686178568922748866043548332527279853820800781
-1.64374603841347610710954540991224348545074462890625
-1.80418937722627781283790682209655642509460449218750
-1.65479875474489346309781012678286060690879821777344
-1.61803151140538070684726790204877033829689025878906
-1.52687985704829953803596254147123545408248901367188
-1.63882392877113791662679886940168216824531555175781
-1.68757601563707670955238882015692070126533508300781
-1.55933360369550921831205414491705596446990966796875
-1.49969884414970033859049181046430021524429321289062
-1.98022970603574011150271871883887797594070434570312
-1.57621660817116859831799047242384403944015502929688
-1.40076275948840511809123654529685154557228088378906
-1.49890643377458565588256078626727685332298278808594
-1.26256108355447183022590706968912854790687561035156
-1.32522890441297302999146268120966851711273193359375
-1.29439480533940742823517666693078354001045227050781
-1.34278272585907632041823944746283814311027526855469
-1.27412795788026778076584832888329401612281799316406
-1.28215387831584237687820859719067811965942382812500
-1.20275163391805484103258550021564587950706481933594
-1.48129548821304490857642122136894613504409790039062
-1.37334703702596594432350229908479377627372741699219
-1.40635087355939369935242666542762890458106994628906
-1.52248354411892505844150491611799225211143493652344
-1.37341128844753046500670734531013295054435729980469
-1.62170562308827070907568668189924210309982299804688
-1.33944983856269383970527542260242626070976257324219
-1.16314811963350095425084873568266630172729492187500
-1.30705895341288380606670216366183012723922729492188
-1.11133887270937448121799207001458853483200073242188
-1.19504427376901167789924329554196447134017944335938
-1.07505342491157040996085925144143402576446533203125
-1.15361737430514699198624839482363313436508178710938
-1.08038906417933766590522282058373093605041503906250
-1.16099754534469434830157297255937010049819946289062
-1.06406886384179832916174746060278266668319702148438
-1.11169689936025184451295899634715169668197631835938
-1.01265568246740245150760983960935845971107482910156
-1.11668796706676953789383333059959113597869873046875
-1.02159920454293562386283156229183077812194824218750
-1.24493164052815408204821778781479224562644958496094
-1.25288299090724675188823766802670434117317199707031
-1.01784605933777050346122905466472730040550231933594
-1.17992979044644852315570915379794314503669738769531
-1.05399564932946399054003450146410614252090454101562
-0.90549945501362272270995390499592758715152740478516
-1.01217785235601409610239898029249161481857299804688
-0.90058892009910052056653739782632328569889068603516
-0.99455595253628403806800406528054736554622650146484
-0.88085370431514531386341104735038243234157562255859
-0.96679865129551756375292370648821815848350524902344
-0.87473932892886563372769614943535998463630676269531
-0.96287522754762222554347772529581561684608459472656
-0.86096791778617987045407744517433457076549530029297
-0.92912759786490639601908014810760505497455596923828
-0.82710198310864169179978944157483056187629699707031
-0.91926261194328717785140270279953256249427795410156
-0.87753040470528453909082600148394703865051269531250
-1.13907877815825919753933703759685158729553222656250
-0.99471085676146187015689292820752598345279693603516
-1.11949125998555665262301772600039839744567871093750
-0.80032557569043294432020729800569824874401092529297
-0.76650813498443493010370275442255660891532897949219
-0.92596498484480138646546265590586699545383453369141
-0.93065761143326786175578035908984020352363586425781
-0.76167743586714198311682366693275980651378631591797
-0.91978973580081901939564659187453798949718475341797
-0.74714576950704769675581928822793997824192047119141
-0.79988562703292953592892899905564263463020324707031
-0.69545438153746430565149694302817806601524353027344
-0.79144204845223087296801622869679704308509826660156
-0.68372981412882372076467163424240425229072570800781
-0.77389003567853220655337054267874918878078460693359
-0.67584853545024059506829416932305321097373962402344
-0.76578475197800677243264999560778960585594177246094
-0.66591199087864227923461157843121327459812164306641
-0.74487864822602201098078467111918143928050994873047
-0.65411425833833169996012202318524941802024841308594
-0.75580089750440515583562728352262638509273529052734
-0.67091592346472705976623274182202294468879699707031
-0.77487765708040479140095158072654157876968383789062
-0.79869857593483573054982116445899009704589843750000
-0.93665607595392430528846716697444207966327667236328
-0.77864996168239464235938385172630660235881805419922
-0.61353808585111624385177719886996783316135406494141
-0.62323154969557781335254276200430467724800109863281
-0.57476832037177294498775381725863553583621978759766
-0.63793544677181879265503994247410446405410766601562
-0.52751653788231178676682020523003302514553070068359
-0.62017295488032353478757841003243811428546905517578
-0.50669515487228766748017960708239115774631500244141
-0.59154985920645597463618514666450209915637969970703
-0.48878995257535085006139752294984646141529083251953
-0.58006441956412302385359680556575767695903778076172
-0.48164302349733217889493630536890123039484024047852
-0.57293926956204288547525038666208274662494659423828
-0.47652327682058098767825526920205447822809219360352
-0.56402551364572672820685284023056738078594207763672
-0.46762066634198834469415828607452567666769027709961
-0.56497407774447305772724803318851627409458160400391
-0.48961916673243915942848047961888369172811508178711
-0.60618811689263163433594172602170147001743316650391
-0.47420944904753520310336512011417653411626815795898
-0.66463891755205384281879332775133661925792694091797
-0.36131365857486558157418699011032003909349441528320
-0.34793084410212504753445728056249208748340606689453
-0.39289751616072954298886088508879765868186950683594
-0.31463216144960332032454175532620865851640701293945
-0.46642659870548158762559864953800570219755172729492
-0.33491084033783763418412604551122058182954788208008
-0.41631791924388988901384323071397375315427780151367
-0.31181964526899974554652317237923853099346160888672
-0.40114756376878035748489992329268716275691986083984
-0.29780899185629278180797996355977375060319900512695
-0.38777029034256993433871230081422254443168640136719
-0.29014568668542778384633606947318185120820999145508
-0.38291478708452419965624358155764639377593994140625
-0.28603439902696814467475405763252638280391693115234
-0.37652314225038691075653218831575941294431686401367
-0.28285935985123905611615668931335676461458206176758
-0.38127395933529889537894064233114477246999740600586
-0.28432579640457944503140197411994449794292449951172
-0.38401137154317538380254859475826378911733627319336
-0.28929041088106155488191006952547468245029449462891
-0.48649810464939913234871937675052322447299957275391
-0.50956987991026059248156343528535217046737670898438
-0.10156301702722028701408873985201353207230567932129
-0.18850645867119583676263516736071323975920677185059
-0.12491842961146801260774452657642541453242301940918
-0.19531088201376173296708316229342017322778701782227
-0.11396487659381562829175038586981827393174171447754
-0.22711736892693501488338370108976960182189941406250
-0.11845331805017586535022644511627731844782829284668
-0.20739099047019754484821874029876198619604110717773
-0.10550087553679043939069970292621292173862457275391
-0.19736124887727365950773616987135028466582298278809
-0.09942993562340125823784120484560844488441944122314
-0.19246831389354235319899544265354052186012268066406
-0.09630589570943448585182977694785222411155700683594
-0.18946837129989327341839100427023367956280708312988
-0.09364617543773030849951766185768065042793750762939
-0.18750683698080658490248140424228040501475334167480
-0.09318041962070769401726977321231970563530921936035
-0.18910737309012304319111308359424583613872528076172
-0.09998257268905871852915367981040617451071739196777
-0.32585079229692676117124960910587105900049209594727
-0.25725985857269978440697855148755479604005813598633
-0.58126105676834438629185797253740020096302032470703
0.72890636030000433009945481899194419384002685546875
0.13870214135764744045609120348672149702906608581543
0.00630193201785634368045085906828717270400375127792
0.06674765946565847096749735101184342056512832641602
-0.00437748323553841835187316888777786516584455966949
0.09192090040035386100392145181103842332959175109863
-0.01412700401732130961462985396792646497488021850586
0.08676446181708247218367091591062489897012710571289
-0.01364029002909674520571670086610538419336080551147
0.08626587584523116858381541760536492802202701568604
-0.00646936131991867474644308799724967684596776962280
0.09168721219343103912002845845563570037484169006348
-0.00213666579168831543070194989297760912450030446053
0.09463970856288668465072788649194990284740924835205
-0.00014367523458561366604159525994788282332592643797
0.09403546992550887440032170161430258303880691528320
0.00028109347688426477088197152909287979127839207649
0.09353751162689905029878900677431374788284301757812
-0.00009084408174571172113389433411256845829484518617
0.09902743675634516351546920986947952769696712493896
-0.16500231016737321176890418428229168057441711425781
0.02261123109471302808359816083338955650106072425842
-0.22823834109912197187775007023446960374712944030762
0.18338150878565356860505630720581393688917160034180
0.20196934218645576364359328636055579409003257751465
0.26247022350809229296331182013091165572404861450195
0.19194831297278111548187951029831310734152793884277
0.29905053938230630183880975891952402889728546142578
0.19228285188574301134423194525879807770252227783203
0.28289386599602961425148350826930254697799682617188
0.18302020522862855189671904554415959864854812622070
0.28116030388001306272727219948137644678354263305664
0.18530570052972267225399605194979812949895858764648
0.28447125658245464574491734310868196189403533935547
0.18898586378869391966262014648236799985170364379883
0.28487265159024760530215303333534393459558486938477
0.18924821085701967748882168507407186552882194519043
0.28323384437441456729089850341551937162876129150391
0.18801869700760170944775495627254713326692581176758
0.28462160753831927673118684651853982359170913696289
0.18902202649396507294632385764998616650700569152832
0.28871032132931345737247852412110660225152969360352
0.02140818083345973413256224660017323913052678108215
0.21213032639895629261062026671424973756074905395508
0.36806902120127743538446907223260495811700820922852
0.95204641323058936119849704482476226985454559326172
0.41673275134649639950268351640261244028806686401367
0.39372956388141466810282054211711511015892028808594
0.40773029548793654486260606972791720181703567504883
0.48135302359242460035204658197471871972084045410156
0.38275284565444367412823112317710183560848236083984
0.47626235984310849591594205776345916092395782470703
0.37909367997508974790221714101789984852075576782227
0.47982164647530245460416153946425765752792358398438
0.38027670406693164784073246664775069802999496459961
0.47842432006938689914576912087795790284872055053711
0.38067144248353107505167258750589098781347274780273
0.47592934786624996323922687224694527685642242431641
0.37651661699533051086419277453387621790170669555664
0.46802380443670338339146042017091531306505203247070
0.38169957751655797517642554339545313268899917602539
0.48981065892902897473959455965086817741394042968750
0.38395349619611218727754931023810058832168579101562
0.47384386311991588680569975622347556054592132568359
0.38445379161980663962339122008415870368480682373047
0.52522155258854641424193232523975893855094909667969
0.31093841442697800481198555644368752837181091308594
0.04600242719531855151160470995819196105003356933594
0.51064864211462368537297606962965801358222961425781
0.67413603730918525425153120522736571729183197021484
0.57728828167118040326499794900882989168167114257812
0.77540564050228877324144605154288001358509063720703
0.58835154332103789531771553811267949640750885009766
0.66077065180087490858795717940665781497955322265625
0.56964091782380377182448683015536516904830932617188
0.68187182202021745514031181301106698811054229736328
0.58131816998899665804856340400874614715576171875000
0.67976240644624941200646617289748974144458770751953
0.57639869040112245990314931987086310982704162597656
0.67436862215338155834842837066389620304107666015625
0.57188696401785166223419309972086921334266662597656
0.66582609030873163291630589810665696859359741210938
0.56421475729612935445800303568830713629722595214844
0.65450439913305236139251519489334896206855773925781
0.56535888579829263189679977585910819470882415771484
0.67111521721011146990321094563114456832408905029297
0.60613749240352532421383102700929157435894012451172
0.79355925473928112801047518587438389658927917480469
0.60172880817121243701706134743290022015571594238281
0.63102859754028106653578333862242288887500762939453
0.99522676095831807963065784861100837588310241699219
0.84938282472720949556332925567403435707092285156250
0.75642966865797389708347964187851175665855407714844
0.88532271830723707761734431187505833804607391357422
0.78156843479807791563729324479936622083187103271484
0.89315849340073738549250492724240757524967193603516
0.78615047110536417918069673760328441858291625976562
0.87811060086894388021505619690287858247756958007812
0.77219944640840509908485955747892148792743682861328
0.87422508565025980331597565964329987764358520507812
0.76553742528890733609614471788518130779266357421875
0.86110334410707067842594142348389141261577606201172
0.74521407119934524043713963692425750195980072021484
0.82750884317701656200938487017992883920669555664062
0.75613251118515290016830476815812289714813232421875
0.87772609728440353915601690459880046546459197998047
0.77493045558487894108878890619962476193904876708984
0.94054592859070285104650110952206887304782867431641
0.78604113126793440091688580650952644646167755126953
0.93972659797467017472882844231207855045795440673828
1.08702863726111709219424028560752049088478088378906
0.99296784180899078098292420690995641052722930908203
1.15105990268021018962940615892875939607620239257812
1.00296582310931103876328052137978374958038330078125
1.10568063378514458428014677338069304823875427246094
0.99011065813472654006943685089936479926109313964844
1.07254510850546669331606608466245234012603759765625
0.96565102970797689341253544625942595303058624267578
1.08005059178599749358795634179841727018356323242188
0.96289440315378072021701427729567512869834899902344
1.06417119616319033603701882384484633803367614746094
0.92943461866348031641393845347920432686805725097656
1.01299039513568001069643287337385118007659912109375
0.91960132803284777569530206164927221834659576416016
1.02182826432187412457608388649532571434974670410156
1.07313245473465679324931443261448293924331665039062
1.04976189859452651020887969934847205877304077148438
1.04828844398721310327005085127893835306167602539062
0.75813865282882619833770831974106840789318084716797
1.45982496156381302832016899628797546029090881347656
1.42889105710447705810395291337044909596443176269531
1.19730229022775791491994823445565998554229736328125
1.41859621236769073426842169283190742135047912597656
1.28534088037411842186941157706314697861671447753906
1.37866954209208247839058003592072054743766784667969
1.19169814853390598763382968172663822770118713378906
1.26078366423150312058965027972590178251266479492188
1.15244787772543588744156295433640480041503906250000
1.29389977983965609453775869042146950960159301757812
1.16082466607994305718420946504920721054077148437500
1.27422903729434833230982349050464108586311340332031
1.11197924810594517275319503823993727564811706542969
1.20299347126906752691866131499409675598144531250000
1.11695748002611949800666479859501123428344726562500
1.33296977476859201949821454036282375454902648925781
1.22626981936133749861994601815240457653999328613281
1.23614052529703588589882201631553471088409423828125
1.48305748230612199911604420776711776852607727050781
1.45522395870441778598092241736594587564468383789062
1.76196346443711981955004830524558201432228088378906
1.52696765440521753376401647983584553003311157226562
1.52162482762576867223458521038992330431938171386719
1.51954858361063771532428745558718219399452209472656
1.58918936062994964331096525711473077535629272460938
1.32404111451224171247531558037735521793365478515625
1.66839779819783129433119484019698575139045715332031
1.34254113456029444684247664554277434945106506347656
1.60665586614149602517898074438562616705894470214844
1.28245129198832885641934353770921006798744201660156
1.50081262216287103505862887686816975474357604980469
1.39414504019654073019296447455417364835739135742188
1.50982658300737648815470492991153150796890258789062
1.39936332729742907154957265447592362761497497558594
1.47631828404192022574648035515565425157546997070312
1.78811664183824947649270598049042746424674987792969
1.71945498578577748993723162129754200577735900878906
1.80678355670819268397053747321479022502899169921875
1.62379980842197735313447992666624486446380615234375
1.84548637679486571272491346462629735469818115234375
1.64264879889996850970135255920467898249626159667969
1.57812261070494708192768484877888113260269165039062
1.71167738719709672245983256289036944508552551269531
1.55097680565713846867481606750516220927238464355469
2.07490495997545609796475218900013715028762817382812
1.90875248248103845938317135733086615800857543945312
2.02185758879499655193967555533163249492645263671875
1.71118982294012300648944346903590485453605651855469
1.78596635573072393121663026249734684824943542480469
2.23267348942634091812919905351009219884872436523438
1.82015920482732784790869118296541273593902587890625
2.20221908531600840674968821986112743616104125976562
2.04341634465325583391859254334121942520141601562500
2.00146097038247372523755984730087220668792724609375
2.00100947178845878227093635359779000282287597656250
2.57803488592084839581275446107611060142517089843750
1.86815900513495525281371101300464943051338195800781
2.37803600712915974568772981001529842615127563476562
2.39594101924873426057160941127222031354904174804688
2.57530274349182386472989492176566272974014282226562
2.42464894756760873661960431491024792194366455078125
2.10974032780002396236795902950689196586608886718750
2.88689600690889269785088799835648387670516967773438
2.89262848562190821866124679218046367168426513671875
0.00000000000000000000000000000000000000000000000000
3.00000000000000000000000000000000000000000000000000
0.00000000000000036739403974420593750022592068090006
-3.00000000000000000000000000000000000000000000000000
-0.00000000000000073478807948841187500045184136180012
0.00000000000000000000000000000000000000000000000000
0.18799985034645638748429519182536751031875610351562
0.37303483074728216450921536306850612163543701171875
0.55218682902701687886803938454249873757362365722656
0.72263051115257304068961730081355199217796325683594
0.88167787843870970565518518924363888800144195556641
1.02682065889303286709832718770485371351242065429688
1.15576986416368399090970342513173818588256835937500
1.26649188825302250194226871826685965061187744140625
1.35724057869902936523942571511724963784217834472656
1.42658477444273024126175641868030652403831481933594
1.47343087609303280416384041018318384885787963867188
1.49704009264240722743011247075628489255905151367188
1.49704009264240722743011247075628489255905151367188
1.47343087609303280416384041018318384885787963867188
1.42658477444273046330636134371161460876464843750000
1.35724057869902914319482079008594155311584472656250
1.26649188825302250194226871826685965061187744140625
1.15576986416368399090970342513173818588256835937500
1.02682065889303331118753703776746988296508789062500
0.88167787843870981667748765175929293036460876464844
0.72263051115257337375652468836051411926746368408203
0.55218682902701721193494677208946086466312408447266
0.37303483074728222002036659432633314281702041625977
0.18799985034645680381792942625907016918063163757324
0.00000000000000018369701987210296875011296034045003
-0.18799985034645644299544642308319453150033950805664
-0.37303483074728249757612275061546824872493743896484
-0.55218682902701743397955169712076894938945770263672
-0.72263051115257248557810498823528178036212921142578
-0.88167787843870959463288272672798484563827514648438
-1.02682065889303308914293211273616179823875427246094
-1.15576986416368399090970342513173818588256835937500
-1.26649188825302294603147856832947582006454467773438
-1.35724057869902958728403064014855772256851196289062
-1.42658477444273024126175641868030652403831481933594
-1.47343087609303302620844533521449193358421325683594
-1.49704009264240722743011247075628489255905151367188
-1.49704009264240722743011247075628489255905151367188
-1.47343087609303302620844533521449193358421325683594
-1.42658477444273046330636134371161460876464843750000
-1.35724057869902980932863556517986580729484558105469
-1.26649188825302339012068841839209198951721191406250
-1.15576986416368443499891327519435435533523559570312
-1.02682065889303331118753703776746988296508789062500
-0.88167787843871003872209257679060101509094238281250
-0.72263051115257304068961730081355199217796325683594
-0.55218682902701798909106400969903916120529174804688
-0.37303483074728305268763506319373846054077148437500
-0.18799985034645697035138312003255123272538185119629
-0.00000000000000036739403974420593750022592068090006
0.73249515884859217607072423561476171016693115234375
-1.50558747625826616634014953888254240155220031738281
1.42744029334643784956426770804682746529579162597656
-0.77604290239438267207106036948971450328826904296875
-0.29854480912972997108667527754732873290777206420898
0.80558197238431417108728282983065582811832427978516
-2.12408871779395269641099730506539344787597656250000
-0.88614019046409475688363954759552143514156341552734
-0.30461628664767487206788132425572257488965988159180
0.28920205505325541350813978169753681868314743041992
0.23371179250294496498874252665700623765587806701660
0.82090200043143890518138050538254901766777038574219
-0.52189541073442902163748158272937871515750885009766
-0.35615711274498934590937437860702630132436752319336
-0.08349253990275726233782904728286666795611381530762
0.20772020998593043739077756981714628636837005615234
0.52102211743306048319368528609629720449447631835938
1.26675482212796497449858179606962949037551879882812
2.04346109581067558735867351060733199119567871093750
-0.91743606522273857262206320228870026767253875732422
-0.86153152545695188546659437633934430778026580810547
-0.60722692470395633890234421414788812398910522460938
-0.52283353419485389945720044124755077064037322998047
-0.15715135467004850977623675589711638167500495910645
0.05115860152191558513079527870104357134550809860229
-0.02374340828085393442781203532376821385696530342102
0.37371238924561422933834364812355488538742065429688
0.55101253537787320269103474856819957494735717773438
0.69238319934821035417371604125946760177612304687500
1.08500383889659612890454809530638158321380615234375
1.51970125244928677687994422740302979946136474609375
2.56290435645634717687357806426007300615310668945312
-2.59825007274715424898658966412767767906188964843750
-1.36980894536593211796571267768740653991699218750000
-1.15732494261388030309944952023215591907501220703125
-0.90859741678839489598118461799458600580692291259766
-0.70379764388621612880569955450482666492462158203125
-0.40520734113723155811470633125281892716884613037109
-0.23859163392566165584618431694252649322152137756348
-0.07333563798697383118163628523689112626016139984131
0.08965668256985265260894379935052711516618728637695
0.24872482112065408266232680034590885043144226074219
0.40953240146002872767994062996876891702413558959961
0.57198522631513881719911296386271715164184570312500
0.84895039853631104609377189262886531651020050048828
0.98381510339478051019312943026307038962841033935547
1.25299233183665692514807687985012307763099670410156
1.91838028566718232781340702786110341548919677734375
-1.96304410664515804896268491575028747320175170898438
-1.60601227393652101760324057977413758635520935058594
-1.32807304893342204010764362465124577283859252929688
-1.18423373950384380748346302425488829612731933593750
-1.06492831113208641369283213862217962741851806640625
-0.71495559522356988413349654365447349846363067626953
-0.56412598609081920919550157123012468218803405761719
-0.39661900603232197459746544154768344014883041381836
-0.22887951586742830145659866047935793176293373107910
-0.06819815758499057911645735430283821187913417816162
0.08639750365468915060951360374019714072346687316895
0.24408334498195666251163515880762133747339248657227
0.40207362957839665185133526392746716737747192382812
0.57215597613873847571142050583148375153541564941406
0.72548496557727570888118862058036029338836669921875
0.87877978378487464627966119223856367170810699462891
1.09369681537484808586668805219233036041259765625000
1.48906605842101091852214267419185489416122436523438
2.23493904107990948304518497025128453969955444335938
-1.56740614827182977997210855392040684819221496582031
-1.31943507667490078638650174980284646153450012207031
-0.99679158350665542087654102942906320095062255859375
-0.85565639728473197322955456911586225032806396484375
-0.70847393739939534818006450223037973046302795410156
-0.55670121090994473256330365984467789530754089355469
-0.39372773368064140075972545673721469938755035400391
-0.22917106497450076552091502435359871014952659606934
-0.06713338802284901651873383343627210706472396850586
0.08973703592836966558277111971619888208806514739990
0.25359720820182052314351039967732504010200500488281
0.41075915724199274503547485437593422830104827880859
0.59019148832586909581010559122660197317600250244141
0.74398581909229744013600793550722301006317138671875
0.95861573360220120321173453703522682189941406250000
1.23859090819690020879306757706217467784881591796875
1.35031730904288438388505255716154351830482482910156
1.79308909940629068735518103494541719555854797363281
2.89127636247672015201715112198144197463989257812500
-2.90042501570978528135924534581135958433151245117188
-2.24201691477852182998731223051436245441436767578125
-1.76413222683591763839672239555511623620986938476562
-1.51039026821729382987768985913135111331939697265625
-1.44397071535473742187605239450931549072265625000000
-1.05961341696431809999978668201947584748268127441406
-0.86114847093426927227000078346463851630687713623047
-0.71156615669761191789177701139124110341072082519531
-0.55273830651967703619931171488133259117603302001953
-0.39127236548686905592830953537486493587493896484375
-0.22851799349297832741889635599363828077912330627441
-0.06250918828269977356448805494437692686915397644043
0.09723335121142329118271163679310120642185211181641
0.26899409487517150774138485758157912641763687133789
0.42950230195911970332289797624980565160512924194336
0.62066143154172348506136813739431090652942657470703
0.79138852320325103750775497246650047600269317626953
0.95464566450371424188858782144961878657341003417969
1.09958340179893432342339565366273745894432067871094
1.43870563069167212155718971189344301819801330566406
1.55460389757913053365712130471365526318550109863281
1.81613183288266855086590112478006631135940551757812
-1.99128928403738658658994609140790998935699462890625
-1.70890590847201906399277504533529281616210937500000
-1.53681463138247176303252672369126230478286743164062
-1.18300004339059916524945492710685357451438903808594
-1.04269319257976778025920339132426306605339050292969
-0.89424936878366900749881551746511831879615783691406
-0.72846919149549238525764849327970296144485473632812
-0.55404564522811805549196151332580484449863433837891
-0.38914272132141131121940702541905920952558517456055
-0.22480175810960359439327760355809004977345466613770
-0.05559365823316048810243117372920096386224031448364
0.10779851958094986696945483117815456353127956390381
0.28339409608037768872890183047275058925151824951172
0.45082301866678547996869497183070052415132522583008
0.62614944300692310097389281509094871580600738525391
0.79343285782335759570571553922491148114204406738281
0.97691456553315902944234494498232379555702209472656
1.14972324805281544968238449655473232269287109375000
1.25900034516479664148391748312860727310180664062500
1.56299207176122068041479451494524255394935607910156
-2.35113296397868376530482237285468727350234985351562
-1.86260170242341760449278353917179629206657409667969
-1.62456346690364306084575218847021460533142089843750
-1.29151795933867319376986415591090917587280273437500
-1.22721714540124726688929968076990917325019836425781
-1.06705277894858130416366748249856755137443542480469
-0.89039663954563619263637974654557183384895324707031
-0.72223317449744139917555685315164737403392791748047
-0.55847270264344361923036785810836590826511383056641
-0.38891562830600756583976362890098243951797485351562
-0.22078898707456487415790036266116658225655555725098
-0.05036593133065159211270156447426415979862213134766
0.11678225684600208877927940420704544521868228912354
0.28874089935748026292117174307350069284439086914062
0.45723474206909159311962298488651867955923080444336
0.63405623372440900187285706124384887516498565673828
0.80596000288030078539946998716914094984531402587891
0.96717187850060326592682713453541509807109832763672
1.11934127981906073046047822572290897369384765625000
1.29966531857434164365372453175950795412063598632812
1.57863383722378425311205774050904437899589538574219
1.80270055104992099614946710062213242053985595703125
-1.97766983547401831167178443138254806399345397949219
-1.67111011663528974402481708239065483212471008300781
-1.33349255177741499167609617870766669511795043945312
-1.16523507017850702638384063902776688337326049804688
-1.01696049987555259264127016649581491947174072265625
-0.88992552182652395753592600158299319446086883544922
-0.72069302201854534839498001019819639623165130615234
-0.55455554346669033716210606144159100949764251708984
-0.38644865819451251764959920365072321146726608276367
-0.21878420354912947454195659702236298471689224243164
-0.04814354843133053507564511619420954957604408264160
0.12043663192685652441049626304447883740067481994629
0.29164933055122599370179159450344741344451904296875
0.46219349980575374914337771770078688859939575195312
0.63279220849479700383710678579518571496009826660156
0.80307016294956867774601505516329780220985412597656
0.97837378048707845934472970839124172925949096679688
1.14356498483202329019547960342606529593467712402344
1.32665156316255306023776938673108816146850585937500
1.65316915564669164595557049324270337820053100585938
1.93850285979412273462685334379784762859344482421875
2.18968912022915995763128194084856659173965454101562
-2.91010231438349675769927671353798359632492065429688
-2.38837602622075273473001288948580622673034667968750
-1.69438444563882018023548425844637677073478698730469
-1.33922470085841727183151306235231459140777587890625
-1.17573408079262287095900774147594347596168518066406
-1.02093824596527626979991509870160371065139770507812
-0.86652712359602013236781203886494040489196777343750
-0.71218318669596081260664277579053305089473724365234
-0.55387433402540475757547255852841772139072418212891
-0.38378546902495430659385533544991631060838699340820
-0.21637566287027071298965097412292379885911941528320
-0.04695722582003963169183791137584194075316190719604
0.12222650862652520431517189081205287948250770568848
0.29145569123315673287777372024720534682273864746094
0.46147519101559503207354850928822997957468032836914
0.63261373594431424827178034320240840315818786621094
0.80583741176532741601334919323562644422054290771484
0.97836756104193689509429532336071133613586425781250
1.15661432210478776205775375274242833256721496582031
1.32661229399343172374869936902541667222976684570312
1.67289208705177605551739361544605344533920288085938
1.81656084405739193243789486587047576904296875000000
2.43678872858843265092332330823410302400588989257812
-1.93423706739625700379292538855224847793579101562500
-1.66350859886240654006428485445212572813034057617188
-1.32949459456076279906255876994691789150238037109375
-1.17993184873305212434502209362108260393142700195312
-1.04691928649361387648752952372888103127479553222656
-0.87490761787724846687552826551836915314197540283203
-0.70799118903976465677629903439083136618137359619141
-0.54590491002695229472152504968107677996158599853516
-0.37927691848864675261410184248234145343303680419922
-0.21486782596511955212292832584353163838386535644531
-0.04896801319045750860992072261979046743363142013550
0.12068859208916091207974830012972233816981315612793
0.28831706598264084107086091535165905952453613281250
0.46176504169030713198296211885462980717420578002930
0.63356829833492200876321476243901997804641723632812
0.80286704222557991883491013140883296728134155273438
0.96706847438594722987659224600065499544143676757812
1.14363674094229050837157046771608293056488037109375
1.29984595029327931747786806226940825581550598144531
1.63950354554450727917469521344173699617385864257812
1.66465704765876743032038120873039588332176208496094
2.37616087532685993366499133117031306028366088867188
-2.24752642313670136786640796344727277755737304687500
-1.80923542181866281453039846383035182952880859375000
-1.60749079161717745023452152963727712631225585937500
-1.22868702593619927299073424364905804395675659179688
-1.04144823679518849779412903444608673453330993652344
-0.87347876870523599723838970021461136639118194580078
-0.69897507049080787044914586658705957233905792236328
-0.54048724487469690380692100006854161620140075683594
-0.38227504372124931908416556325391866266727447509766
-0.21698753642876311698017843809793703258037567138672
-0.05490725765429696481056964785238960757851600646973
0.11664985862294567631192165890752221457660198211670
0.28258814760936984411543448914017062634229660034180
0.45655552496894169500762927782488986849784851074219
0.62547686415153214145590254702256061136722564697266
0.80556259355644166397780736588174477219581604003906
0.97671009061586111510422369974548928439617156982422
1.11941331970317126121017281548120081424713134765625
1.25913584662355115817433670599712058901786804199219
1.61308353568765450170019448705716058611869812011719
1.71608926668543948501621798641281202435493469238281
1.89780489281887043695462580217281356453895568847656
2.10839776049697347204414654697757214307785034179688
-2.21559427009476550551880791317671537399291992187500
-1.84407687645454698710523189220111817121505737304688
-1.57521028570559296078101851890096440911293029785156
-1.57854908452295039644752705498831346631050109863281
-1.19735815762169006681858718366129323840141296386719
-0.99520414326576156494041924815974198281764984130859
-0.85310530138680840117615389317506924271583557128906
-0.70274738680356185760444986954098567366600036621094
-0.54437976688605527186837207409553229808807373046875
-0.38940954051050219453244949363579507917165756225586
-0.22316273747728734844208986487501533702015876770020
-0.06303796336981125347787013879496953450143337249756
0.10714442786425770748337527038529515266418457031250
0.26782379729903560416914842789992690086364746093750
0.44984408950147064532032459283072967082262039184570
0.61979147350213426026499519139179028570652008056641
0.79292057370954061035206450469559058547019958496094
0.95431549362903766997590082610258832573890686035156
1.14969092433166597544413889409042894840240478515625
1.46815174104241985553187532786978408694267272949219
1.53719796188674862058576309209456667304039001464844
1.98744987329524036567818257026374340057373046875000
-1.82285442345463466473631797271082177758216857910156
-1.43151122723994106422651384491473436355590820312500
-1.11730050612842202184538109577260911464691162109375
-0.99248600394688224479722293835948221385478973388672
-0.85434924298119818697472283020033501088619232177734
-0.71288037607328802458539485087385401129722595214844
-0.55330542767221879696393216363503597676753997802734
-0.39639510603714989134260804348741658031940460205078
-0.22932410097299349427402148648980073630809783935547
-0.06919156986934880959605465022832504473626613616943
0.09577997749075933819895567467028740793466567993164
0.25200141252849261874757758050691336393356323242188
0.42835528929656457863828222798474598675966262817383
0.58924489279074587777529359300388023257255554199219
0.79073017944829360192926515082945115864276885986328
0.95821400708603676754648859059670940041542053222656
1.09936789455195249587404759950004518032073974609375
1.36258100178746177633115621574688702821731567382812
1.68331806796844629658949088479857891798019409179688
2.25947546030649659698497089266311377286911010742188
-1.56901858420492024137615771905984729528427124023438
-1.32858269028479614171089906449196860194206237792969
-1.18163155348122872467797606077510863542556762695312
-0.86331530796454680753981847374234348535537719726562
-0.72185104072470285263563027911004610359668731689453
-0.56208032353545955839280168220284394919872283935547
-0.40171764226513190232381589339638594537973403930664
-0.23249323592643297842208482961723348125815391540527
-0.07142905734337884338103208392567466944456100463867
0.08752461542750650247413091165071818977594375610352
0.24228094354981261071557696595846209675073623657227
0.40940977180343868235823379109206143766641616821289
0.57106144750329124182286477662273682653903961181641
0.74325891855484660375452676817076280713081359863281
0.87824409236926970212522292058565653860569000244141
1.25212188944346203278712437167996540665626525878906
1.52529632310250629068093530804617330431938171386719
1.83229985470010903192417117679724469780921936035156
2.90262395721711596863201521045994013547897338867188
-2.62086075981373944898678018944337964057922363281250
-1.93850042030554714500567570212297141551971435546875
-1.35166120927654498373726710269693285226821899414062
-1.22359337695087599939824940520338714122772216796875
-1.05378363563105104105943610193207859992980957031250
-0.88733565813044701364731281501008197665214538574219
-0.56970165080216539355006943878834135830402374267578
-0.40963108936910502810846423926705028861761093139648
-0.23318927423594773551407399736490333452820777893066
-0.07618010389401824733468515660206321626901626586914
0.08402405901860421355564767509349621832370758056641
0.24712416222589875247628299348434666171669960021973
0.40065640251978729136084211859269998967647552490234
0.57099118122889636062211593525717034935951232910156
0.72475651577206012809995172574417665600776672363281
1.03165561606350930645703556365333497524261474609375
1.13351434327122402301313286443473771214485168457031
1.33472471103162670935660116811050102114677429199219
2.60778458723745520941861286701168864965438842773438
-1.53114083582644400216565827577142044901847839355469
-1.19577714338607021815619191329460591077804565429688
-0.99723613996058346753414980412344448268413543701172
-0.77255959606845858722579123423201963305473327636719
-0.63178404254806919126963293820153921842575073242188
-0.45581364541715080340722465734870638698339462280273
-0.24208226881796793272805246033385628834366798400879
-0.12011228553729094703506063979148166254162788391113
0.08745026316264067900441148140089353546500205993652
0.34369139460116143736101435024465899914503097534180
0.40835579195921450912365457952546421438455581665039
0.70818394609482770984953958759433589875698089599609
0.86365845098225935139168996101943776011466979980469
1.23447062674130658699311879900051280856132507324219
1.56543775394985540394543477304978296160697937011719
1.96129220968348083609100740432040765881538391113281
-0.85074383609730852562336167466128244996070861816406
-0.58591788890522011890027442859718576073646545410156
-0.32741273598133507904961447820824105292558670043945
-0.28673284698875134424156385648529976606369018554688
-0.00796693834792974557579281480457211728207767009735
0.06704906138912693214226834470537141896784305572510
0.53507135217214962796816735135507769882678985595703
0.73557276993742537474219034265843220055103302001953
0.94721509292983863126380583707941696047782897949219
-2.16674166492235054093384860607329756021499633789062
-1.56430271471612969413911287119844928383827209472656
-0.58374144320924148399143405185895971953868865966797
0.21223139395248574734509361405798699706792831420898
0.44951080606727139565848005986481439322233200073242
1.03496272096949892826955874625127762556076049804688
1.05774216100056550615704509255010634660720825195312
-1.01663012117084461394256322819273918867111206054688
-0.18341801676530736231462981322692940011620521545410
0.23924488887545411475166190484742401167750358581543
0.65238486761283809300948632881045341491699218750000
1.53418908356794259084665554837556555867195129394531
1.50998328886785126989877880987478420138359069824219
0.02598949053381083978964127823019225616008043289185
0.47910399442390549928916243516141548752784729003906
-1.53877086336161639223973907064646482467651367187500
-0.46745410442862178612699608493130654096603393554688
2.13283748700627828753795256488956511020660400390625
-0.81598496064753700540705949606490321457386016845703
0.79542474731517853747675417253049090504646301269531
