0.00000000000000000000108429999999999997668601767813
0.00000000000000000000116520000000000001872702357481
0.00000000000000000000124650000000000008608410661091
0.00000000000000000000135850000000000002758005265076
0.00000000000000000000153740000000000006544978536519
0.00000000000000000000185429999999999999764861299808
0.00000000000000000000236499999999999997034556613120
0.00000000000000000000301829999999999994042740515461
0.00000000000000000000365619999999999968815665883638
0.00000000000000000000397959999999999984366264385337
0.00000000000000000000388679999999999998886382371660
0.00000000000000000000348360000000000004901514106791
0.00000000000000000000299690000000000009065004724783
0.00000000000000000000260410000000000005670298569796
0.00000000000000000000234579999999999988364844022813
0.00000000000000000000221970000000000017823535181291
0.00000000000000000000219669999999999985103549308530
0.00000000000000000000228739999999999994908310050322
0.00000000000000000000254030000000000015652879685393
0.00000000000000000000294529999999999983414163436690
0.00000000000000000000344530000000000025810810080977
0.00000000000000000000389619999999999983147525196685
0.00000000000000000000418949999999999996273739355768
0.00000000000000000000435690000000000002508629303987
0.00000000000000000000447000000000000003620145121314
0.00000000000000000000450949999999999990305672288956
0.00000000000000000000446249999999999993768319711203
0.00000000000000000000441000000000000000037180293052
0.00000000000000000000451020000000000032351805014669
0.00000000000000000000482689999999999967882155081516
0.00000000000000000000537800000000000032765133371468
0.00000000000000000000597069999999999984777121648320
0.00000000000000000000644349999999999967871901423447
0.00000000000000000000678089999999999996797131460513
0.00000000000000000000721189999999999941033820486515
0.00000000000000000000777960000000000035746880452458
0.00000000000000000000798700000000000069447626437061
0.00000000000000000000726719999999999952486213902264
0.00000000000000000000595210000000000017520639855240
0.00000000000000000000465790000000000026752472730153
0.00000000000000000000368319999999999989235909669512
0.00000000000000000000301059999999999982925111248379
0.00000000000000000000254430000000000003353137598506
0.00000000000000000000226279999999999989677712548103
0.00000000000000000000211339999999999984517712048363
0.00000000000000000000201560000000000005008552836715
0.00000000000000000000191500000000000007778139627469
0.00000000000000000000179369999999999992384484900632
0.00000000000000000000168989999999999993709119593002
0.00000000000000000000166450000000000002223216276055
0.00000000000000000000170780000000000012959016726151
0.00000000000000000000177099999999999999179024039641
0.00000000000000000000181779999999999994450572760423
0.00000000000000000000184629999999999986748526247269
0.00000000000000000000180230000000000009198231524085
0.00000000000000000000167899999999999999954447840692
0.00000000000000000000153619999999999998950155394691
0.00000000000000000000145909999999999999988418474322
0.00000000000000000000148730000000000009195575788867
0.00000000000000000000162310000000000003512552467185
0.00000000000000000000189449999999999990880701966849
0.00000000000000000000247019999999999985762639306393
0.00000000000000000000376459999999999977796610288451
0.00000000000000000000570840000000000017387228414537
0.00000000000000000000634760000000000000387878853027
0.00000000000000000000438339999999999982148544221120
0.00000000000000000000239339999999999988699608171480
0.00000000000000000000138190000000000000393779625467
0.00000000000000000000094905000000000006832585696167
0.00000000000000000000077697999999999995491458184771
0.00000000000000000000073059999999999997235724679682
0.00000000000000000000075993000000000000429137056906
0.00000000000000000000084281000000000003999159101380
0.00000000000000000000092291999999999995680170610749
0.00000000000000000000095833000000000005380573897534
0.00000000000000000000093697000000000009371253110357
0.00000000000000000000089404000000000004738771718288
0.00000000000000000000084108999999999998755618815374
0.00000000000000000000077557999999999996034785992550
0.00000000000000000000071162999999999995664059408840
0.00000000000000000000066306999999999996776600591973
0.00000000000000000000063810999999999996790719992469
0.00000000000000000000060810000000000002459111230752
0.00000000000000000000057017000000000001259861843231
0.00000000000000000000053911000000000000282782832415
0.00000000000000000000051425000000000000929804161396
0.00000000000000000000050480999999999999488381913136
0.00000000000000000000051407999999999996092288960339
0.00000000000000000000052760000000000000786618355027
0.00000000000000000000053685999999999995446444248066
0.00000000000000000000053726999999999999922133116173
0.00000000000000000000055001999999999995981535738889
0.00000000000000000000057941000000000001435480234520
0.00000000000000000000061267999999999999472573213029
0.00000000000000000000063486000000000004433271736420
0.00000000000000000000062934000000000003351322587693
0.00000000000000000000060185000000000000518559926711
0.00000000000000000000056936999999999996196646415346
0.00000000000000000000056475000000000000810814622990
0.00000000000000000000057232999999999998003424846680
0.00000000000000000000058042000000000000304625866963
0.00000000000000000000057525000000000001437833467936
0.00000000000000000000054681000000000001996457292919
0.00000000000000000000049745999999999999989864202331
0.00000000000000000000044040000000000003729470303654
0.00000000000000000000040113999999999997874207189905
0.00000000000000000000037830999999999998203600937936
0.00000000000000000000035784999999999998486442700551
0.00000000000000000000034115000000000000937300919097
0.00000000000000000000032154999999999999139935421426
0.00000000000000000000030647999999999998741558345079
0.00000000000000000000029771000000000000600183537014
0.00000000000000000000030390000000000000280202722647
0.00000000000000000000032117000000000000496490015812
0.00000000000000000000036007999999999999434618976572
0.00000000000000000000040556999999999998640293682743
0.00000000000000000000048326000000000004157338423151
0.00000000000000000000058910999999999996999283651581
0.00000000000000000000068820000000000001599996392534
0.00000000000000000000076788999999999996265192686210
0.00000000000000000000082007000000000003017373623732
0.00000000000000000000083333999999999996725493390627
0.00000000000000000000086767000000000003352137772399
0.00000000000000000000098582999999999991349508099524
0.00000000000000000000113950000000000008488093255077
0.00000000000000000000115990000000000005944719374054
0.00000000000000000000094877000000000008822042219038
0.00000000000000000000066507000000000000030684355108
0.00000000000000000000045090999999999996896615496186
0.00000000000000000000032125000000000001943207039258
0.00000000000000000000023524000000000001132846168971
0.00000000000000000000018685999999999999623028900747
0.00000000000000000000014750000000000000187829963447
0.00000000000000000000012728999999999999701937845632
0.00000000000000000000011112999999999998987698113395
0.00000000000000000000009185699999999999871178984300
0.00000000000000000000007787799999999999512874938929
0.00000000000000000000007038300000000000037044912478
0.00000000000000000000006478600000000000207492918035
0.00000000000000000000006203300000000000086979670929
0.00000000000000000000006031500000000000169331889209
0.00000000000000000000006311699999999999706591374648
0.00000000000000000000006896499999999999667114214571
0.00000000000000000000007356500000000000568738505176
0.00000000000000000000006497499999999999805005245755
0.00000000000000000000005895000000000000463977631629
0.00000000000000000000004825199999999999782817206121
0.00000000000000000000003636500000000000228091272970
0.00000000000000000000002973100000000000159505887554
0.00000000000000000000002271199999999999887687344031
0.00000000000000000000001794800000000000134523383238
0.00000000000000000000001479400000000000109180748747
0.00000000000000000000001125600000000000045625712794
0.00000000000000000000001031500000000000073284811429
0.00000000000000000000000971329999999999977325067628
0.00000000000000000000000955480000000000049752841980
0.00000000000000000000000438880000000000006333546377
0.00000000000000000000000464969999999999978380997647
0.00000000000000000000000575930000000000031554790098
0.00000000000000000000000597949999999999987575245568
0.00000000000000000000000592069999999999967489469690
0.00000000000000000000000358400000000000013796561318
0.00000000000000000000000483319999999999990710308489
0.00000000000000000000000106930000000000000299343613
0.00000000000000000000000461419999999999997615890830
0.00000000000000000000000609189999999999992484908342
0.00000000000000000000000523800000000000023033472030
0.00000000000000000000000641879999999999982579553132
0.00000000000000000000000508949999999999982427286607
0.00000000000000000000000296320000000000005896670035
0.00000000000000000000000596790000000000027593826718
0.00000000000000000000000480229999999999990275674824
0.00000000000000000000000934669999999999989287389831
0.00000000000000000000000618569999999999984293809640
0.00000000000000000000000859439999999999991069291365
0.00000000000000000000000959089999999999938512570776
0.00000000000000000000000967659999999999960165526074
0.00000000000000000000001108099999999999966604894913
0.00000000000000000000001038000000000000073248042157
0.00000000000000000000001198399999999999986439179405
0.00000000000000000000001250800000000000058480876400
0.00000000000000000000001095799999999999946329379156
0.00000000000000000000001296900000000000019790474401
0.00000000000000000000001182099999999999977489121189
0.00000000000000000000001690400000000000062775840420
0.00000000000000000000001521899999999999860278067755
0.00000000000000000000001834299999999999930848993865
0.00000000000000000000001827300000000000134339536878
0.00000000000000000000001636600000000000031432252027
0.00000000000000000000001911899999999999858071911428
0.00000000000000000000002177499999999999987682293838
