0.00000000000000000000010948999999999999892852254124
0.00000000000000000000010948999999999999892852254124
0.00000000000000000000010948999999999999892852254124
0.00000000000000000000010948999999999999892852254124
0.00000000000000000000016424000000000000811318958269
0.00000000000000000000016424000000000000811318958269
0.00000000000000000000021897999999999999785704508249
0.00000000000000000000027372999999999998353182510749
0.00000000000000000000032848000000000001622637916538
0.00000000000000000000038321999999999998246034764873
0.00000000000000000000038321999999999998246034764873
0.00000000000000000000038321999999999998246034764873
0.00000000000000000000032848000000000001622637916538
0.00000000000000000000032848000000000001622637916538
0.00000000000000000000032848000000000001622637916538
0.00000000000000000000032848000000000001622637916538
0.00000000000000000000032848000000000001622637916538
0.00000000000000000000033286000000000002072273445132
0.00000000000000000000038321999999999998246034764873
0.00000000000000000000045768999999999998429965098569
0.00000000000000000000054745999999999996706365021497
0.00000000000000000000065695000000000001301194678911
0.00000000000000000000071169999999999999868672681411
0.00000000000000000000071169999999999999868672681411
0.00000000000000000000082119000000000004463502338824
0.00000000000000000000087594000000000003030980341324
0.00000000000000000000087594000000000003030980341324
0.00000000000000000000090221999999999996324838706314
0.00000000000000000000096463000000000007637576165817
0.00000000000000000000108180000000000000653963168828
0.00000000000000000000120440000000000005467433352822
0.00000000000000000000137090000000000006006205944671
0.00000000000000000000153289999999999996872301367821
0.00000000000000000000158760000000000004527283212656
0.00000000000000000000172229999999999991882338677632
0.00000000000000000000194899999999999997269879954713
0.00000000000000000000218980000000000016664954695646
0.00000000000000000000214170000000000013165680904551
0.00000000000000000000191500000000000007778139627469
0.00000000000000000000163359999999999994735616505553
0.00000000000000000000147810000000000007392327207657
0.00000000000000000000134460000000000008824185271353
0.00000000000000000000120440000000000005467433352822
0.00000000000000000000114969999999999997812451507987
0.00000000000000000000114969999999999997812451507987
0.00000000000000000000114969999999999997812451507987
0.00000000000000000000114969999999999997812451507987
0.00000000000000000000114969999999999997812451507987
0.00000000000000000000114969999999999997812451507987
0.00000000000000000000118030000000000003401345493032
0.00000000000000000000129749999999999992846021151957
0.00000000000000000000141470000000000001098606424039
0.00000000000000000000147810000000000007392327207657
0.00000000000000000000158760000000000004527283212656
0.00000000000000000000164239999999999994007257372821
0.00000000000000000000158760000000000004527283212656
0.00000000000000000000153289999999999996872301367821
0.00000000000000000000151539999999999998961921561771
0.00000000000000000000163250000000000006581604905367
0.00000000000000000000185919999999999993161236569292
0.00000000000000000000231029999999999989379574768285
0.00000000000000000000302200000000000017460111869430
0.00000000000000000000464239999999999966268493041190
0.00000000000000000000693509999999999994720605301251
0.00000000000000000000746409999999999957348076622186
0.00000000000000000000592349999999999986973965213595
0.00000000000000000000353340000000000019160120682142
0.00000000000000000000228619999999999987313486908494
0.00000000000000000000173979999999999989792718483682
0.00000000000000000000153289999999999996872301367821
0.00000000000000000000153289999999999996872301367821
0.00000000000000000000173220000000000016923810371399
0.00000000000000000000201359999999999992350514267002
0.00000000000000000000224019999999999997105153615598
0.00000000000000000000235739999999999986549829274523
0.00000000000000000000240880000000000010934866705645
0.00000000000000000000235410000000000003279884860810
0.00000000000000000000240880000000000010934866705645
0.00000000000000000000232010000000000013788144533566
0.00000000000000000000218980000000000016664954695646
0.00000000000000000000218429999999999981855348628935
0.00000000000000000000218980000000000016664954695646
0.00000000000000000000218980000000000016664954695646
0.00000000000000000000213510000000000009009972850811
0.00000000000000000000210989999999999999981963777678
0.00000000000000000000208040000000000001354991005975
0.00000000000000000000217560000000000002024519303309
0.00000000000000000000234749999999999999124176807070
0.00000000000000000000251829999999999989261913097488
0.00000000000000000000262780000000000005204778715644
0.00000000000000000000273729999999999983531825107487
0.00000000000000000000292560000000000009195760430269
0.00000000000000000000320699999999999984622464325872
0.00000000000000000000352790000000000021966333841744
0.00000000000000000000376980000000000010707510569706
0.00000000000000000000388700000000000000152186228631
0.00000000000000000000387929999999999989034556961548
0.00000000000000000000377750000000000021825139836788
0.00000000000000000000396470000000000002911334719914
0.00000000000000000000424609999999999978338038615518
0.00000000000000000000447280000000000021341399118912
0.00000000000000000000458989999999999972537353623039
0.00000000000000000000459870000000000028232723329777
0.00000000000000000000437310000000000029807103266037
0.00000000000000000000403699999999999971493779072972
0.00000000000000000000383220000000000029480121681623
0.00000000000000000000383220000000000029480121681623
0.00000000000000000000383220000000000029480121681623
0.00000000000000000000377750000000000021825139836788
0.00000000000000000000372269999999999975921436837154
0.00000000000000000000366799999999999968266454992319
0.00000000000000000000373580000000000021215770242462
0.00000000000000000000398329999999999970167816512994
0.00000000000000000000446519999999999973240852554002
0.00000000000000000000512640000000000020248288806710
0.00000000000000000000602230000000000010427962936413
0.00000000000000000000757919999999999971117631009225
0.00000000000000000000956469999999999936085980277011
0.00000000000000000001135000000000000063385799316414
0.00000000000000000001300300000000000068056932269244
0.00000000000000000001447999999999999861600332518836
0.00000000000000000001526999999999999896237429682179
0.00000000000000000001674199999999999883830648865368
0.00000000000000000002028399999999999882188696944650
0.00000000000000000002411899999999999854158434171245
0.00000000000000000002477799999999999887242027997268
0.00000000000000000002189099999999999896651496604584
0.00000000000000000001617699999999999994285037100103
0.00000000000000000001152199999999999948270901069721
0.00000000000000000000852050000000000022939865313537
0.00000000000000000000660770000000000029085568112752
0.00000000000000000000541089999999999977679133259056
0.00000000000000000000462409999999999963294897807254
0.00000000000000000000412569999999999968640501245051
0.00000000000000000000372710000000000003769121690523
0.00000000000000000000332870000000000002547726766652
0.00000000000000000000302530000000000000730056283144
0.00000000000000000000279209999999999991819708880808
0.00000000000000000000262780000000000005204778715644
0.00000000000000000000269139999999999993956393743076
0.00000000000000000000286329999999999991056051246837
0.00000000000000000000314460000000000003465672440268
0.00000000000000000000337130000000000008853213717349
0.00000000000000000000350379999999999982284426755640
0.00000000000000000000344900000000000011612362208633
0.00000000000000000000317530000000000009687468353798
0.00000000000000000000266719999999999991257403954800
0.00000000000000000000221380000000000018098140626951
0.00000000000000000000183840000000000011980912349528
0.00000000000000000000155699999999999998938389227611
0.00000000000000000000138520000000000002471633652337
0.00000000000000000000125919999999999994947407512987
0.00000000000000000000114969999999999997812451507987
0.00000000000000000000104020000000000000677495502988
0.00000000000000000000097117999999999992668923642158
0.00000000000000000000087594000000000003030980341324
0.00000000000000000000082119000000000004463502338824
0.00000000000000000000076644999999999998436150683911
0.00000000000000000000076644999999999998436150683911
0.00000000000000000000071169999999999999868672681411
0.00000000000000000000065695000000000001301194678911
0.00000000000000000000065695000000000001301194678911
0.00000000000000000000060221000000000004677797830575
0.00000000000000000000060221000000000004677797830575
0.00000000000000000000060221000000000004677797830575
0.00000000000000000000055837000000000001809072734550
0.00000000000000000000054745999999999996706365021497
0.00000000000000000000054745999999999996706365021497
0.00000000000000000000054745999999999996706365021497
0.00000000000000000000049272000000000000082968173162
0.00000000000000000000049272000000000000082968173162
0.00000000000000000000049272000000000000082968173162
0.00000000000000000000049272000000000000082968173162
0.00000000000000000000044229000000000004406570984139
0.00000000000000000000043797000000000001515490170662
0.00000000000000000000042706999999999998356863611774
0.00000000000000000000038321999999999998246034764873
0.00000000000000000000038321999999999998246034764873
0.00000000000000000000038321999999999998246034764873
0.00000000000000000000038321999999999998246034764873
0.00000000000000000000032848000000000001622637916538
0.00000000000000000000032848000000000001622637916538
0.00000000000000000000032848000000000001622637916538
0.00000000000000000000032848000000000001622637916538
0.00000000000000000000032848000000000001622637916538
0.00000000000000000000027372999999999998353182510749
0.00000000000000000000027372999999999998353182510749
0.00000000000000000000027372999999999998353182510749
0.00000000000000000000027372999999999998353182510749
0.00000000000000000000027372999999999998353182510749
0.00000000000000000000027372999999999998353182510749
