-1.89771503279187703228103600849863141775131225585938
2.23874122773447936651791678741574287414550781250000
1.98213614205112742538972270267549902200698852539062
2.56303992000432545594890143547672778367996215820312
2.75959494418132500470619561383500695228576660156250
-1.98973108275319909843403820559615269303321838378906
-2.22846096572875485009035401162691414356231689453125
-2.26777036472361093188965242006815969944000244140625
-2.59282983244464571015441833878867328166961669921875
-2.26896253441866235789348138496279716491699218750000
-1.67798132361604013240707899967674165964126586914062
-0.14715487129827031775874957020278088748455047607422
-1.69996997903213520331178187916520982980728149414062
-1.66649504647271684554254989052424207329750061035156
1.72566995314735738276112897437997162342071533203125
1.57921873709502591509590274654328823089599609375000
1.60997239012930903889753153634956106543540954589844
1.82718087797571482333580661361338570713996887207031
2.17491524597806851204495615093037486076354980468750
2.77602169702171774900989476009272038936614990234375
2.60431653463843071349970159644726663827896118164062
1.78634327277781501663866947637870907783508300781250
2.23397142797573788897125268704257905483245849609375
1.67890441750039576263020535407122224569320678710938
1.86803766185253672382771128468448296189308166503906
1.42058654756898472548698464379413053393363952636719
1.73351181449816138524511188734322786331176757812500
1.64238253217915985970876135979779064655303955078125
1.94805332445628942572568575997138395905494689941406
-2.45774100253832106233176091336645185947418212890625
-1.95630218945599176905147942306939512491226196289062
-2.10239918989533780546707930625416338443756103515625
-2.58023066774515363874797913013026118278503417968750
-0.42781302169205293051135186033206991851329803466797
1.12152551728420668553098948905244469642639160156250
1.35971169780176404096039277646923437714576721191406
1.20089605694597190144179421622538939118385314941406
-1.37323456641619667806253346498124301433563232421875
-0.68927522293623588733879614665056578814983367919922
-1.12379531505999930018901977746281772851943969726562
-0.76668972874900109815143878222443163394927978515625
0.34056573796728262237820672453381121158599853515625
-1.05592352303891434672777904779650270938873291015625
-1.25384553736276416202599648386240005493164062500000
2.51275343095015735173092252807691693305969238281250
2.58996133492035607304160294006578624248504638671875
2.27618408574247732545359212963376194238662719726562
2.01768917489669519227390992455184459686279296875000
2.02640839610061496145476667152252048254013061523438
2.08713854714698987535825835948344320058822631835938
2.20769540297619881741297831467818468809127807617188
2.43863484126192986423120601102709770202636718750000
2.50591807043143743882751550700049847364425659179688
2.08025333139724555309157949523068964481353759765625
0.23348711643498615275760244003322441130876541137695
1.45297942705064064838893500564154237508773803710938
1.72127494328936303524812956311507150530815124511719
1.44787561243789575371465616626664996147155761718750
1.64457593407433977361620236479211598634719848632812
1.51876720001067422316509691881947219371795654296875
1.61225301846881086120788495463784784078598022460938
1.46466242168100846399170222866814583539962768554688
-2.49785829815566362555045998306013643741607666015625
-2.75051932656282271949521600618027150630950927734375
-1.74284086132626758747221629164414480328559875488281
-2.00296042229896098518793223774991929531097412109375
-1.97148590768196108058418758446350693702697753906250
-1.75660508100003198705962859094142913818359375000000
-2.24203428168054585967183811590075492858886718750000
-1.88984826664800875661853751807939261198043823242188
0.76983048756952765501182511798106133937835693359375
0.42484291391302797524787138172541745007038116455078
0.16836449498590544404663660316145978868007659912109
-1.25890332642434810139775436255149543285369873046875
-1.43040689797621456413878604507772251963615417480469
-1.36879847401795506911525990290101617574691772460938
-1.31683711872113007324003319808980450034141540527344
-1.76486082725096826706590036337729543447494506835938
-1.71215417628450272680140642478363588452339172363281
-1.50049715704725739051639266108395531773567199707031
-0.95173453545306363476896649444825015962123870849609
-0.16183701653285909038970658002654090523719787597656
-0.27264158468757088149558853729104157537221908569336
-0.35819590384137073302284193232480902224779129028320
-0.00311425135882473485410271152318273379933089017868
-0.65357596732940237416187301278114318847656250000000
-0.56886013677608460170631587971001863479614257812500
-1.05779506701758840847560350084677338600158691406250
-0.77515722214042070969952646919409744441509246826172
0.24811279127772348229719057144393445923924446105957
0.14783644816000338084727161458431510254740715026855
0.30032902963173707666655332104710396379232406616211
0.09181670450303222597021601814049063250422477722168
0.00375671975620735579259878988978016423061490058899
1.37821103057426275206864829669939354062080383300781
1.43663055651967086490117253561038523912429809570312
1.26739869220324097298657761712092906236648559570312
1.86711467759984994785327216959558427333831787109375
1.70965215888455834836179292324231937527656555175781
1.56841128965450282706228790630120784044265747070312
1.59983070626383350187893483962398022413253784179688
2.30711578813742157478827721206471323966979980468750
1.94092116579107831775274917163187637925148010253906
2.12745450954756787353971958509646356105804443359375
1.35183827599585959511330202076351270079612731933594
1.25752635381986355156413992517627775669097900390625
1.35414603254790799624629471509251743555068969726562
1.25781857166828903160649133496917784214019775390625
0.51540494401075798158728957787388935685157775878906
1.49288316258651576617921818979084491729736328125000
1.52273689447591165091466791636776179075241088867188
1.44893914163432668829045724123716354370117187500000
-2.06380150062537293109699021442793309688568115234375
-2.57983633006647883334494508744683116674423217773438
-2.76615944686808301611335991765372455120086669921875
-2.50469087023300485128629588871262967586517333984375
-2.23905960855781804852426830620970577001571655273438
-1.46814849276626491203501245763618499040603637695312
-1.74849346147737727541482399828964844346046447753906
-1.66594541556103004076305751368636265397071838378906
-1.45576696348730694197115553834009915590286254882812
-1.50366664964252416680778878799173980951309204101562
-1.52635963198927027129059297294588759541511535644531
-1.65680736406083495282359763223212212324142456054688
-1.48394020976930285371508944081142544746398925781250
-1.67955328011230387019736554066184908151626586914062
-1.77679114265503379499477887293323874473571777343750
-0.32886993002991249390731809398857876658439636230469
-0.43632243251351776613944366545183584094047546386719
-0.49452157102577043445990057080052793025970458984375
-0.44136948708162387911002610962896142154932022094727
0.00825445102622125725932988871136330999433994293213
-0.10695426909117251856873309634465840645134449005127
-1.35174789806399786584734101779758930206298828125000
-1.27369687485791427405956710572354495525360107421875
-0.66972502287879243088042358067468740046024322509766
-0.77809490565892436286787869903491809964179992675781
-1.09153771751417005830830930790398269891738891601562
-1.13886888676584319135542955336859449744224548339844
-0.49902402269859885697300683204957749694585800170898
-0.17293256369819071105453645031957421451807022094727
0.02727212088131919509592648864781949669122695922852
0.01595331125407233735513656824878125917166471481323
-0.20829421022003943853029284127842402085661888122559
-0.41153785480105686822582811146276071667671203613281
-0.36485739865196131770375131964101456105709075927734
-0.15183065328885189670948818729812046512961387634277
-0.32617983287955304438909820419212337583303451538086
-0.77538647677199534768988087307661771774291992187500
-0.67139440089314705861767151873209513723850250244141
-0.83763526879322558471585580264218151569366455078125
-1.37804091172311538038286471419269219040870666503906
-1.26891083678088367747704978683032095432281494140625
-0.03094509799307727793138411698237177915871143341064
-0.13728407827709535049542921569809550419449806213379
-0.30333474576162033908843795870780013501644134521484
-0.30131091992230540910213676397688686847686767578125
-1.04361689017812064861345788813196122646331787109375
-1.18344210089312951161844011949142441153526306152344
-1.14818998440085007217703605419956147670745849609375
-1.37771538730544440554126595088746398687362670898438
-1.36380342182794089822550631652120500802993774414062
-0.68218613355370782969089304970111697912216186523438
-0.47791287402868665168398365494795143604278564453125
-0.42266677469887348195243248483166098594665527343750
1.36574154369430122990536347060697153210639953613281
0.91351000795594305969871129491366446018218994140625
1.07980929355723676010825329285580664873123168945312
1.07111377857821810088978509156731888651847839355469
0.57338497605894866993025971169117838144302368164062
0.61248948120584489895890101252007298171520233154297
0.44704685418518785855468422596459276974201202392578
0.45691125030406587459452794064418412744998931884766
0.72215052766874743284120086173061281442642211914062
0.91502991652763410179716174752684310078620910644531
0.81523326618360969497700807551154866814613342285156
0.49933028410005647623748359364981297403573989868164
1.06399687274258880620436684694141149520874023437500
1.23423656034805229175788099382771179080009460449219
1.13321352869201330548776240902952849864959716796875
0.98005138446508388572198100519017316401004791259766
0.77635496845444751379261560941813513636589050292969
1.74232589839732132652727614186005666851997375488281
1.62212358808661427644892683019861578941345214843750
1.83435593198793167601934328558854758739471435546875
1.79561906931637516038335888879373669624328613281250
1.56288925696587144287263981823343783617019653320312
1.64553509884687798603408737108111381530761718750000
1.93617383472058302018581343872938305139541625976562
1.67816784797346563173903177812462672591209411621094
1.64810882001164205057364142703590914607048034667969
1.72727481856460318709878265508450567722320556640625
1.45419676054273239174108311999589204788208007812500
1.36396140266482390757118992041796445846557617187500
1.52562209067237786186410630762111395597457885742188
1.50436639540780570101219382195267826318740844726562
1.44034110500950252031771015026606619358062744140625
1.34765373325510351421030463825445622205734252929688
1.39995386694301404695295332203386351466178894042969
1.32852219045318675760825044562807306647300720214844
0.06531929163188215925472945855290163308382034301758
0.17810415703486923155729471091035520657896995544434
0.17812359731628094050570609852002235129475593566895
0.23511051013696931955010427373053971678018569946289
-0.10382547904054695298015076332376338541507720947266
0.00904191145838501020293165311159100383520126342773
0.06483986404068373121667434588744072243571281433105
0.34819340426665923438065419759368523955345153808594
0.40510600712419153612842137590632773935794830322266
0.95473872542670301655221010150853544473648071289062
1.04706875221963935373992171662393957376480102539062
0.92909277370553911001849201056757010519504547119141
1.00073178423553033056236927222926169633865356445312
1.24822602713448937983287123643094673752784729003906
1.35932475855359857774828924448229372501373291015625
1.14039381041787235560036606329958885908126831054688
1.11970279415492712793422924733022227883338928222656
1.32688309948485594347289406869094818830490112304688
1.19509335180280151789133924467023462057113647460938
0.90154997376972212386192495614523068070411682128906
1.02709449269656283298957077931845560669898986816406
0.84648901517677421768581780270324088633060455322266
0.90833102928674358533811528104706667363643646240234
1.17394838473854701277332424069754779338836669921875
1.07132299985493961713700628024525940418243408203125
1.00428159996828325617457267071586102247238159179688
1.17193284603492386963807803113013505935668945312500
1.06798410478515459764992101554526016116142272949219
0.68008124412400139391365883057005703449249267578125
0.73516093752277733575084539552335627377033233642578
0.86046044549312439286836706742178648710250854492188
0.83133002529924970858132837747689336538314819335938
0.62320872267705096358980654258630238473415374755859
0.82864754260028661292381002567708492279052734375000
0.78275018948481589475818509527016431093215942382812
0.68054225360277054157620568730635568499565124511719
0.53860204829020996708521806795033626258373260498047
0.60909306209538716103679689695127308368682861328125
1.16659236261957222069440831546671688556671142578125
0.98850580819311462121845579531509429216384887695312
1.25532139063888026342397097323555499315261840820312
1.34760856610218526796529658895451575517654418945312
-1.58537026935726155230099720938596874475479125976562
-1.66114280117507662204445750830927863717079162597656
-1.62342800225271122194214967748848721385002136230469
-1.73202369259969302106583199929445981979370117187500
-2.19481305426486406062736023159231990575790405273438
-2.06834131681316257811431569280102849006652832031250
-1.85426563164427449237336986698210239410400390625000
-1.99914614188394201832466023915912955999374389648438
-1.82144247311510754094854291906813159584999084472656
-1.86876378283636523924826633447082713246345520019531
-2.10009430969700927605003926146309822797775268554688
-1.98635558643656162658430730516556650400161743164062
-2.17940245457059145195444216369651257991790771484375
-1.83712721817757507203339173429412767291069030761719
-1.78105479924937615265889689908362925052642822265625
-1.71942509532078324774317934497958049178123474121094
-1.62084488497217216185219967883313074707984924316406
-1.07800351256087978413233940955251455307006835937500
-0.96325256048258611762946657108841463923454284667969
-1.45301187961578426310893519257660955190658569335938
-1.32706117025448344648452803085092455148696899414062
-0.27167631928678148689471072430023923516273498535156
-0.32597673782624014826581060333410277962684631347656
-0.15940023821847662532924516654020408168435096740723
-0.10359768832520556414156231994638801552355289459229
-0.27037742696084310356496871463605202734470367431641
-0.16027445852811339488397379682282917201519012451172
0.16879414469885772875912266499653924256563186645508
0.05629567627763547299490909381347591988742351531982
0.00425819592606373198417912817603792063891887664795
0.06279014584054969094761844417007523588836193084717
0.17521850556491580519491435552481561899185180664062
0.22918502407165208811790080289938487112522125244141
-0.82228140904265323296584710988099686801433563232422
-0.76601557492084593192771535541396588087081909179688
-0.94734646339794725822258669722941704094409942626953
-0.81018164233967771004074620577739551663398742675781
-0.90338351829754237609648725992883555591106414794922
-0.90088622921125594000812952799606136977672576904297
-1.34219526859258664330809551756829023361206054687500
-1.44303750057655255645272518449928611516952514648438
-1.41642082792208690023016970371827483177185058593750
-1.10328760233862444017916004668222740292549133300781
-1.19371685066771182626155223260866478085517883300781
-1.03499688444702186984613945242017507553100585937500
-0.44551035075695410991869493955164216458797454833984
-0.33294911223399453747973097961221355944871902465820
-0.50064795813871376672921087447321042418479919433594
-0.60970763317021348104418621005606837570667266845703
-0.66582724666089232457011348742526024580001831054688
-0.61175380686919178518934359090053476393222808837891
-0.44330660998907012171343922091182321310043334960938
-0.49829284522886918562534219745430164039134979248047
-0.61366251312235131631922513406607322394847869873047
-0.66469366447374067519149321014992892742156982421875
-0.44482024401213277053912520386802498251199722290039
-0.50055368973099101381762920937035232782363891601562
-0.65759280020556143409038440950098447501659393310547
-0.49935210574488803070281051077472511678934097290039
-0.60611670281513563285358259236090816557407379150391
0.00730905072162479907404986079200170934200286865234
-0.94093239073340262379474552290048450231552124023438
-0.97945181124069369271722962366766296327114105224609
-0.83054801590724325333070510168909095227718353271484
-0.45638142343456866711903785471804440021514892578125
-0.55783852562348001935532693096320144832134246826172
-1.01458570648132062608226533484412357211112976074219
-0.67346772273725674651245753921102732419967651367188
-0.81703846682579817084501883073244243860244750976562
-1.02105036688474104522583729703910648822784423828125
0.09043783899789430147375668411768856458365917205811
-0.02034338749869792073443619528916315175592899322510
-0.01768774138272146204120538470760948257520794868469
0.08501630391186097701616830590864992700517177581787
0.15576010189602301769795644759142305701971054077148
-0.10270404529458275477704631839515059255063533782959
-0.08805998474682519283618375993683002889156341552734
-0.16875407435281436496765650190354790538549423217773
-0.26770564997056933709274062493932433426380157470703
-0.16501917718678243973684516276989597827196121215820
-0.27414177254243321524285192936076782643795013427734
-0.33161577390301294476770976871193852275609970092773
-0.66560391344448344153050811655703000724315643310547
-0.60942204242698871929917459056014195084571838378906
-0.51116653886758556257774444020469672977924346923828
-0.61787767168744256451873297919519245624542236328125
-0.46035012747880071914963195922609884291887283325195
-0.34158272964478531008580830530263483524322509765625
-0.43868811703926890999127863324247300624847412109375
-0.49569824502292542112158457712212111800909042358398
-0.34817933529006150905615868396125733852386474609375
-0.29496754414100689878353023232193663716316223144531
-0.28913338414250416841255741928762290626764297485352
-0.17903718916858649135015468800702365115284919738770
-0.18381721564931130519227053810027427971363067626953
-0.12693281182444826615807187408790923655033111572266
0.03176473942907554609549336532836605329066514968872
-0.02119503407293095789687420449354249285534024238586
-0.60597115160967229829935831730836071074008941650391
0.00544034819429300292581430653626739513128995895386
-0.11505040167216826207940982840227661654353141784668
-0.26654210500646685622072595833742525428533554077148
-0.08711182944447669329601779963923036120831966400146
-0.16664237408636395354477599539677612483501434326172
-0.23376943925383142364182731398614123463630676269531
-0.30573059794624274365659744034928735345602035522461
-1.40695095727501806592840694065671414136886596679688
-1.57283107013598288936861990805482491850852966308594
-1.59183636348749479871855783130740746855735778808594
0.34797865499642022246717942834948189556598663330078
0.14647376921781435354930067660461645573377609252930
0.04215861477311125260492019606317626312375068664551
0.13922953140267380067740532467723824083805084228516
-0.41734182589570856247718211307073943316936492919922
-0.49540585721459978740810470299038570374250411987305
-0.79539817179454885831546562258154153823852539062500
-0.97581796161974232450830868401681073009967803955078
-0.97876417776452351304783405794296413660049438476562
1.26161425140138927503130616969428956508636474609375
1.04693484338091780116997142613399773836135864257812
0.67279273605117650980389498727163299918174743652344
0.62226971483474924351497747920802794396877288818359
0.46000112523596603519848713403916917741298675537109
0.51423634375065829793527427682420238852500915527344
0.79699060298736379426287612659507431089878082275391
0.65960935606813420051253160636406391859054565429688
0.61526950713616201937838923186063766479492187500000
0.51051126740504260137498704352765344083309173583984
0.66100042875813924680983291182201355695724487304688
0.59848070909799799821371379948686808347702026367188
0.44452581724450451750030310904548969119787216186523
0.48676433731548285344103987881680950522422790527344
0.41726585917353103960536486738419625908136367797852
0.30157535856496664461445789129356853663921356201172
0.24797421296670119073013438537600450217723846435547
0.33514453154030621195857975180842913687229156494141
0.44275785094686076481806935589702334254980087280273
0.54579721852981488705580659370752982795238494873047
0.66658884858039124665651797840837389230728149414062
0.31606016637469758201461900171125307679176330566406
0.21918545759088770008560231872252188622951507568359
0.15691606755135087403196791910886531695723533630371
0.20520172910609585370522722769237589091062545776367
0.38200772536569027604258508290513418614864349365234
0.33341867813662534603125209287100005894899368286133
0.36325549120949857107021330193674657493829727172852
0.47566998463024967591650238318834453821182250976562
0.52323870403249195248918113065883517265319824218750
0.46037587394217238667692981834989041090011596679688
0.35078237262434619481155095854774117469787597656250
0.30123070929391460026636195834726095199584960937500
0.73448074221998949084877494897227734327316284179688
1.25780779709457246617887449247064068913459777832031
1.25535578321808216628596710506826639175415039062500
0.95442625278277970490847792461863718926906585693359
0.82822616219334643794525163684738799929618835449219
0.92891420990033735094471012416761368513107299804688
1.72518182538843056761379557428881525993347167968750
1.79300759484500993323763395892456173896789550781250
1.70690714575355539928125381265999749302864074707031
1.60040022861522723829352798929903656244277954101562
1.54504267213140256131964633823372423648834228515625
1.58372381981315157872813870199024677276611328125000
1.45200968864412915948491900053340941667556762695312
1.55892204403779066623769722355064004659652709960938
1.68030474859035372503512917319312691688537597656250
1.64101131058415683483531211095396429300308227539062
1.47515292936132924594971882470417767763137817382812
1.97696417702440108143946417840197682380676269531250
2.18832690287057163303074958093930035829544067382812
2.16122978295984280450170444964896887540817260742188
1.95448715478282930568809661053819581866264343261719
1.80931859696776342616431065835058689117431640625000
1.75485470083086347869993915082886815071105957031250
1.79812418883024505156242867087712511420249938964844
1.43236108757629043708448079996742308139801025390625
1.36662970679324780043373266380513086915016174316406
0.40272304707744183138728999438171740621328353881836
0.34752790990481996491467953092069365084171295166016
0.34312324583564979274541428821976296603679656982422
0.23360895394518760292967840541678015142679214477539
0.51861798955007210043532950294320471584796905517578
0.34717926630203488347348184106522239744663238525391
0.40489864131301955829655980778625234961509704589844
0.57248013960014110246277141413884237408638000488281
0.51782815853308472586746802335255779325962066650391
0.36461955580097760165614317884319461882114410400391
0.46166292098637595753274354137829504907131195068359
0.63544442785230170755994549836032092571258544921875
0.47681764917566049621910906353150494396686553955078
0.52436887390220010551900031714467331767082214355469
0.54678507394223740956107349120429717004299163818359
0.66741381435694790980051038786768913269042968750000
0.70852194354047248747718867889489047229290008544922
0.67336690101499585558997296175220981240272521972656
0.77659778505618626276429949939483776688575744628906
0.96441293164790597991498088958906009793281555175781
0.71583536341627107546514707792084664106369018554688
0.98639659906944610057166755723301321268081665039062
1.11016808353542839604699565825285390019416809082031
0.86270783099535452986827976928907446563243865966797
0.07837846774233069024884201780878356657922267913818
-0.04324538714299561853460218685540894512087106704712
-0.03533091771604424113917275462881661951541900634766
0.09255217763876986969417970385620719753205776214600
0.07971948395612418747369076754694106057286262512207
0.14895955395143428701132393143780063837766647338867
0.17546045134565452228159188052813988178968429565430
0.26991983407146435958168240176746621727943420410156
-1.54719369512357651785805501276627182960510253906250
-1.58970148654398846232993491867091506719589233398438
-1.80232702935910871211433459393447265028953552246094
-1.76404337063249450068269652547314763069152832031250
-1.11930988361556082999470618233317509293556213378906
-0.96814195647894962792889828051556833088397979736328
-1.07121094221115065181493264390155673027038574218750
-0.65535976192089251401995397827704437077045440673828
-0.60398747691610599197531428217189386487007141113281
-0.66225018091330356551083013982861302793025970458984
-0.76646777743684202377494329994078725576400756835938
-0.43401306902819758448686116025783121585845947265625
-0.48855635779676531704751596407731994986534118652344
-0.59812778131380461843491502804681658744812011718750
-0.48904735182733383158648621247266419231891632080078
-1.25028148090050117424709696933859959244728088378906
-1.08851879141299612285820330725982785224914550781250
-1.17985408618170994898832759645301848649978637695312
-0.80842626853946542020423748908797279000282287597656
-0.90453215057521885178459797316463664174079895019531
-0.76039618834375877209907912401831708848476409912109
-0.82232133213851676956096525827888399362564086914062
-1.16970178286931325573050344246439635753631591796875
-0.99885199277591818489696606775396503508090972900391
-1.09510221764489501516948166681686416268348693847656
-0.93833708556075201556723186513409018516540527343750
-0.97251782380174756070800867746584117412567138671875
-1.19241169985645067974644462083233520388603210449219
-0.10891619221279232043730900159062002785503864288330
-0.33507228163929464459513951624103356152772903442383
-0.28153070569648364074311075455625541508197784423828
-0.27824448883519325992352833054610528051853179931641
-0.16706146780577629806785466826113406568765640258789
0.22006223684549966468360082672006683424115180969238
0.31736453501203720772849692366435192525386810302734
0.39715061893875158727240659572998993098735809326172
0.50032891738920959312508784933015704154968261718750
0.38310647183369217483317470396286807954311370849609
0.33440373654077820697594347620906773954629898071289
0.51140240124760005802073692393605597317218780517578
0.56587796440514392948273325600894168019294738769531
0.16932495750244319632216161153337452560663223266602
0.06228431914740233804606006629001058172434568405151
0.17531992937677962074438653417018940672278404235840
0.22963908409461999959866318476997548714280128479004
0.05632903939793047765061118070661905221641063690186
0.00360755576073000169823323801665537757799029350281
-0.16110113828357688903203381869388977065682411193848
-0.10576456110370385799157588735397439450025558471680
-0.16331304065144863768566096950962673872709274291992
-0.27386950820463756839373559159866999834775924682617
-0.33138283001654988968454063069657422602176666259766
-0.27616293964323390675019709306070581078529357910156
-0.61483966366058551145101773727219551801681518554688
-0.63553379424255340701677141623804345726966857910156
-0.51050652306609611841281548549886792898178100585938
-0.44495091638113526411046905195689760148525238037109
-0.46034510173048392989159083299455232918262481689453
-0.54659483899741267975969094550237059593200683593750
-0.79417525511715947317270547500811517238616943359375
-0.70899138325636690272091300357715226709842681884766
-0.88571046471982972647651877196040004491806030273438
-0.87351319070878341577213177515659481287002563476562
-0.66342050917391592879113204617169685661792755126953
-0.73640710702366241058314244583016261458396911621094
-0.24475262283579243827169591440906515344977378845215
-0.35665307612907903855870017650886438786983489990234
-0.19828166095749974462414400022680638357996940612793
-0.37186044105106175194919160276185721158981323242188
-0.28258917602749711317500214136089198291301727294922
-0.60014419378727867915301885659573599696159362792969
-0.65631106351635626339202644885517656803131103515625
-0.75665900195268265271408836269984021782875061035156
-0.80340064372385611157767471013357862830162048339844
-0.28063212632026102166804548687650822103023529052734
-0.34353532807623821110354356278548948466777801513672
-0.45339769061258039517525730843772180378437042236328
-0.50392695241494278590721478394698351621627807617188
-0.28607081431219205658322835006401874125003814697266
-0.44637002473995696094632990025274921208620071411133
-0.33837624917354847120520844327984377741813659667969
-0.12437128771305352992193604677595430985093116760254
-0.17700296892292508021959918096399633213877677917480
0.13953282813571454834544738332624547183513641357422
0.17419142524499858781794614515092689543962478637695
0.19114305493143851633064400630246382206678390502930
0.26938628110654572189730515674455091357231140136719
0.34283826164413178094747536306385882198810577392578
0.35204545223496686023878510241047479212284088134766
0.29668716943183287559904215413553174585103988647461
-0.81742995698233711365787712566088885068893432617188
-0.77308799493828395110739393203402869403362274169922
-0.75969530996923240184770520500023849308490753173828
-0.66004358117763661795152074773795902729034423828125
-0.50105575037008764915924530214397236704826354980469
-0.28380559738270683123317894569481723010540008544922
-0.33783936422016291878378524415893480181694030761719
-0.44591280189572912728834808149258606135845184326172
-0.33894460193672520942342885064135771244764328002930
-0.18026892926002124895035194640513509511947631835938
-0.29089283031010715330211269247229211032390594482422
-0.61128603426167549272918222413863986730575561523438
-0.72418536468237471037667773998691700398921966552734
-0.77834185727572779978089556607301346957683563232422
-0.82464219537718763675115951627958565950393676757812
1.24012031458210425505228613474173471331596374511719
1.25682425179820245197959138749865815043449401855469
1.13748563053590623361799316626274958252906799316406
1.14490413750005970427991996984928846359252929687500
1.37071430785919812223028202424757182598114013671875
1.37999973811114307054026539844926446676254272460938
0.76482430274321999696951479563722386956214904785156
0.83968583000230856416834512856439687311649322509766
0.94750971999186905936340963307884521782398223876953
0.82265561352451399557139666285365819931030273437500
0.92566398182815934347900110878981649875640869140625
1.22613170554000050493925755290547385811805725097656
1.17608003021946272426134783017914742231369018554688
0.56503747571837903418412452083430252969264984130859
0.67939630378773563368355326019809581339359283447266
0.74132001047250473124705649752286262810230255126953
1.17185023571221358373861676227534189820289611816406
1.17387654898955284821226996427867561578750610351562
1.07111725526722434409521156339906156063079833984375
0.83073436836305891706189186152187176048755645751953
0.85990567267005091345311029726872220635414123535156
0.70774466359796206482712932483991608023643493652344
0.63452175294962787077679422509390860795974731445312
0.67969229394339925054424611516878940165042877197266
0.78208650889872544098579965066164731979370117187500
0.74769546651809282167278070119209587574005126953125
0.85873401477682431703897236729972064495086669921875
0.74184743457019375334482447215123102068901062011719
0.68872189320387766642284077533986419439315795898438
0.85876914207893917385661097796401008963584899902344
0.91668214897135424923391155971330590546131134033203
0.68997286838959148713712465905700810253620147705078
0.57634731400831995529188134241849184036254882812500
0.51882029977204857651429392717545852065086364746094
0.57562704515156870588299398150411434471607208251953
0.75465470301236492467467087408294901251792907714844
0.85179867102788831001447533708414994180202484130859
0.78741186610532010181628947975696064531803131103516
0.34376401777598830644677718737511895596981048583984
0.35344361738635982073120089808071497827768325805664
0.46119708578452139891012961925298441201448440551758
0.37614876639387317958096446091076359152793884277344
0.27171479724482988649114645340887364000082015991211
0.25647748319266716610087541994289495050907135009766
0.31158235677978440847368801769334822893142700195312
-1.15097012712387147814752097474411129951477050781250
-1.25581925583029185844452513265423476696014404296875
-1.43465450683761841510488466155948117375373840332031
-1.22482056758284829633964818640379235148429870605469
-1.56282154364121139700216644996544346213340759277344
-1.61831104571454464924329386121826246380805969238281
-1.53642861725516688409243215573951601982116699218750
-1.66397883304714433450044452911242842674255371093750
-1.69341160409941560160973494930658489465713500976562
-1.08259646039731416422569054702762514352798461914062
-1.12553472516365049571618328627664595842361450195312
-1.10568484974166714174259595893090590834617614746094
-1.15583114011769261253448348725214600563049316406250
-1.24603782307667132478457006072858348488807678222656
-1.15184605372095516528929692867677658796310424804688
-1.28420998600020652702369261533021926879882812500000
-1.32825546497989743777168314409209415316581726074219
-0.98092171677871276003202183346729725599288940429688
-0.76502733120432453439718756271759048104286193847656
-0.92079099581284817865878267184598371386528015136719
-0.81787264272307635959435856420896016061305999755859
-0.83770506660826582479018043159157969057559967041016
-0.94244640030302428979069873093976639211177825927734
-0.78036633517952314065269092679955065250396728515625
-0.59461402741718671904891380108892917633056640625000
-0.75160925289372593205428074725205078721046447753906
-0.64870074139347488895168680755887180566787719726562
-0.64915116813508977333668781284359283745288848876953
-0.96087399026815401015255702077411115169525146484375
-1.05835884233453314529072031291434541344642639160156
-0.92393794843209664513494772108970209956169128417969
-0.98742739098759813032302190549671649932861328125000
-1.28729181768085654269384576764423400163650512695312
-1.22199470264323650781079777516424655914306640625000
-1.12140735884598208293994048290187492966651916503906
-1.08741194933510421094524645013734698295593261718750
-1.15300285535438518103035221429308876395225524902344
-1.25229537990288308790809423953760415315628051757812
-1.16062505646034175299519120017066597938537597656250
-1.07072495487821917059534371219342574477195739746094
-0.95975621322814008706814092874992638826370239257812
-0.92138497820549147832025482784956693649291992187500
-1.05979403552112416697639218909898772835731506347656
-1.12227475418685362917869952070759609341621398925781
-0.99114228282127636582288232602877542376518249511719
-1.09199423650965443677307575853774324059486389160156
-0.17494081549677600873060612229892285540699958801270
0.29829393189366915084548281811294145882129669189453
0.19580586303738226061632587970962049439549446105957
0.35230537726744870496986550278961658477783203125000
0.30281323680858995839315639386768452823162078857422
-0.17184160060669734226834748369583394378423690795898
-0.11370265283379850373979280675484915263950824737549
-0.01214985191613357495832303811766905710101127624512
-0.12051787807071784319745688662806060165166854858398
0.04662881399506860202741620469168992713093757629395
-0.00360026438661683462205687078494520392268896102905
0.19393565716860389214204474228608887642621994018555
0.14510200181558613463650431185669731348752975463867
0.03803767434963901267197527999996964354068040847778
0.13794320599864109966325997902458766475319862365723
0.03337320570091062421624883427284657955169677734375
-0.01769867059507371220838933822960825636982917785645
-0.65953832802193534945445207995362579822540283203125
-0.59293933570269574673261558928061276674270629882812
-0.48268506465638455482647373173676896840333938598633
-0.44347633363717714471974318257707636803388595581055
-0.61192759740811120128256561656598933041095733642578
-0.66723736415565382262826688020140863955020904541016
-0.61298110875680300591028526469017378985881805419922
-0.50717338541835599308171822485746815800666809082031
-0.12347110381313089466637222813005791977047920227051
-0.01519816989315663988135973738735629012808203697205
-0.17541624614230655332391961565008386969566345214844
-0.12150087019411345834463133996905526146292686462402
-0.34356862101232721329324704129248857498168945312500
-0.50581540101102862028170648045488633215427398681641
-0.45531744442012422879884070425760000944137573242188
-0.44901598354096933229939736520464066416025161743164
-0.33983926822915466736674261483130976557731628417969
-0.28488986229141699535460929837427102029323577880859
1.25669832840966710918451099132653325796127319335938
1.18763200364624688099013383180135861039161682128906
0.51062549287398151243166921631200239062309265136719
0.40221254421396318567971661650517489761114120483398
0.39632925402659402447369529909337870776653289794922
0.34248691285365079339797489410557318478822708129883
0.57598235865651448150970281858462840318679809570312
0.68820258534763190105820740427589043974876403808594
0.51729628833139029708831913012545555830001831054688
0.57186689581846528174224886242882348597049713134766
1.08193811155023267289720934059005230665206909179688
0.85839775262728101878906272759195417165756225585938
1.44023082642608191150657148682512342929840087890625
1.38343464993279718910912379215005785226821899414062
1.54452791027644042998190343496389687061309814453125
1.60314524174623018737406709988135844469070434570312
1.54778768526240528835558052378473803400993347167969
1.43237417729933103061057408922351896762847900390625
1.10727042470934433637808069761376827955245971679688
0.97258978027589582104894816438900306820869445800781
0.91828541262144869339323349777259863913059234619141
1.05755355381866644748356520722154527902603149414062
1.28589914106084668432572470919694751501083374023438
1.29048663782461581206462142290547490119934082031250
0.44491802041144268287098384462296962738037109375000
0.65573351317593364662172916723648086190223693847656
0.61560085549824306028199316642712801694869995117188
0.51123481893406164111581801989814266562461853027344
0.48191568068551593473358707342413254082202911376953
0.63097888441412419702203351334901526570320129394531
0.68809924505250741333384212339296936988830566406250
0.59852752125103358959989918730570934712886810302734
0.43258658512358982850543043241486884653568267822266
0.49207806505072421154878270499466452747583389282227
-1.26341519376486499659506534953834488987922668457031
-1.36614712906970714456633686495479196310043334960938
-1.11232103897653211710405685153091326355934143066406
-1.00004753702466175901975020678946748375892639160156
-1.17460193615525376742425578413531184196472167968750
-1.19526262789616710691120715637225657701492309570312
-1.08308278300088023371472445433028042316436767578125
-1.28281711114281837815553899417864158749580383300781
-1.38858646268719576610806143435183912515640258789062
-1.38991911509274634894950395391788333654403686523438
-1.44443496204774390889724600128829479217529296875000
-1.28288371471741058371662802528589963912963867187500
-1.23163021012803053366724270745180547237396240234375
-1.40983674836550876285912181629100814461708068847656
-1.50250214738431342453850447782315313816070556640625
-1.43332185443206761021883721696212887763977050781250
-1.54465985586594900524914919515140354633331298828125
-1.58147675552420574618395221477840095758438110351562
-0.93176855769203270618561418814351782202720642089844
-0.92267743562907744703238677175249904394149780273438
-0.98728209733134597581027946944232098758220672607422
-0.81879252520741641063750648754648864269256591796875
-0.80851971352761742295456315332558006048202514648438
-0.76014834274526943413974322538706474006175994873047
-1.21981289344747612091168775805272161960601806640625
-1.44360398010048918138181761605665087699890136718750
-1.34329922676088697741647592920344322919845581054688
-1.24723227636386924110922791442135348916053771972656
-1.40497142462671731344414638442685827612876892089844
-1.27724728837072221132586946623632684350013732910156
-0.17194297996176055587369546628906391561031341552734
-0.11938685659950903916737274812476243823766708374023
-0.00343477564497013387878610046755056828260421752930
-0.11430153487515461174783837350332760252058506011963
0.14685586511387113684001803903811378404498100280762
0.03994566637231464212298703841952374204993247985840
-0.01080307503137516861313471849825873505324125289917
0.04750756083655778561070093246598844416439533233643
0.15800865522251486550153742882685037329792976379395
0.20660821809613841293362668238842161372303962707520
0.03423951607918931938634443667979212477803230285645
-0.01837876397242508771934232925104879541322588920593
0.14159300244839861937506952926923986524343490600586
0.19306855658576660417224957200232893228530883789062
0.14007262818833848827537735814985353499650955200195
0.03597879399935607902527578971785260364413261413574
1.07670617834380299981944517639931291341781616210938
0.91644705285274985495647115385509096086025238037109
1.02106396156832635035982548288302496075630187988281
1.06779143750421856573495915654348209500312805175781
1.02690550285885473513758370245341211557388305664062
0.90108656005445597614311736833769828081130981445312
1.00396579842234223711727736372267827391624450683594
0.84598874892895725707830933970399200916290283203125
0.90798205265147968745509388099890202283859252929688
1.07669271438389557715709088370203971862792968750000
1.02114257461760749023937933088745921850204467773438
1.08199303113501166251353424740955233573913574218750
1.17602162434555745917919011844787746667861938476562
1.39989365637003482234490547853056341409683227539062
1.32841681272728950879979947785614058375358581542969
1.36658258594330916935177810955792665481567382812500
1.25662728885630592401412286562845110893249511718750
1.22600231451939967186604008020367473363876342773438
1.18752386107514196211809576197993010282516479492188
0.91620527397908335665022150351433083415031433105469
1.02970354793990148678517471125815063714981079101562
1.20895445234683673874087617150507867336273193359375
1.26995939308692395997013591113500297069549560546875
1.20894362336645455613393096427898854017257690429688
1.09285102914129650386598768818657845258712768554688
-1.31510662639421682662543844344327226281166076660156
-1.44021332817474378984456961916293948888778686523438
-1.33701416618100221711529229651205241680145263671875
-1.39717786995814541306515366159146651625633239746094
-1.52932095757628161436514346860349178314208984375000
-1.50819303914646862807558136410079896450042724609375
-0.99131293355021932178772203769767656922340393066406
-0.94912498010691370708968861436005681753158569335938
-0.83418511195653377576775255874963477253913879394531
-0.77761723944750360537625510914949700236320495605469
-0.82571522248036299806983606686117127537727355957031
-0.92447104843269889418166940231458283960819244384766
0.74733264470564786385864408657653257250785827636719
0.85849937005598953021490160608664155006408691406250
0.68968302550160531794176677067298442125320434570312
1.02969092545672480376595103734871372580528259277344
1.09287287469633831449300487292930483818054199218750
1.03778522121126748345432133646681904792785644531250
0.91610102588448794058706425857963040471076965332031
0.86235733834428129895854908681940287351608276367188
0.74723326106989773620625783223658800125122070312500
0.86242711840065799933086054807063192129135131835938
0.92085958443144744212105479164165444672107696533203
0.69041445206814622270741210741107352077960968017578
0.74710606331174056471411404345417395234107971191406
