0.15301205748736182443714426426595309749245643615723
0.16845810748020165203975295753480168059468269348145
0.09539868250306736408017371786627336405217647552490
0.21336882922686464802985994992923224344849586486816
0.21855772440302934089828568176017142832279205322266
0.10625931097567806182802030434686457738280296325684
0.22648878811075426331633764220896409824490547180176
0.15972567780263574599430853595549706369638442993164
0.20987383393240441331606405128695769235491752624512
0.16746962696673925452550690806674538180232048034668
0.09281121974436826183030291304021375253796577453613
0.15284635100254903572469800110411597415804862976074
0.15154939380137705251527791006083134561777114868164
0.22240455729145974794747075975465122610330581665039
0.21815075230244992954276028740423498675227165222168
0.22296829036158222203667378380487207323312759399414
0.15405283639566330622372447578527498990297317504883
0.14466738712410509570815975166624411940574645996094
0.21487995242185989330785389483935432508587837219238
0.21296874118061390190881354556040605530142784118652
0.17484231416305420769852219109452562406659126281738
0.07975545913724571556180364950705552473664283752441
0.20417322271455412563412323834199924021959304809570
0.09492117693116222665317138762475224211812019348145
0.17654372207778493142349418576486641541123390197754
0.05366056031517645041883923795467126183211803436279
0.06961587396020139928420888963955803774297237396240
0.08918031737170876993570090007779072038829326629639
0.07412926225376638422748243328896933235228061676025
0.14979243195573752056581895431008888408541679382324
0.05066296828924809342309387716341007035225629806519
0.08460372700369273024634253488329704850912094116211
0.21727741896519583986169266154320212081074714660645
0.20830344003992956602999697679479140788316726684570
0.20609705066205169510240580166282597929239273071289
0.17301450340011248485438954958226531744003295898438
0.09382466695051747129774355471454327926039695739746
0.17877928224748357299844769841001834720373153686523
0.09766878862117615855975572003444540314376354217529
0.21617757324235536975365334910748060792684555053711
0.16568933456952891769553559697669697925448417663574
0.22348650254886687216426821578352246433496475219727
0.21006408043935223539655510194279486313462257385254
0.16873292730588254628720790151419350877404212951660
0.17323602325366838083908760381746105849742889404297
0.20634559010891326269465650966594694182276725769043
0.17445597547316249453785985679132863879203796386719
0.09842377716073739957192145766384783200919628143311
0.08069992758681432398759625357342883944511413574219
0.07399779095272054907361791720177279785275459289551
0.09576302109392870187676294335687998682260513305664
0.14819490790844783156821051761653507128357887268066
0.15090349518408743834108065584587166085839271545410
0.08601067079008635485326550451645744033157825469971
0.01609470530866332141362029517495102481916546821594
0.01540534564296089023449631838502682512626051902771
0.04274931411630314426197685406805248931050300598145
0.01745565776100680213667182272274658316746354103088
0.03490735149781590274109532856527948752045631408691
0.01634176438115692714392324091932096052914857864380
0.04369903125966682205794100468665419612079858779907
0.03039806638611580041908766247615858446806669235229
0.17718585297152053548153105566598242148756980895996
0.23069202987857237441282620693527860566973686218262
0.03291641362985875396418578020529821515083312988281
0.09457935909622375292293838811019668355584144592285
0.06772092339563375029687364303754293359816074371338
0.20289900993029580389404031848243903368711471557617
0.21687693661769874564626547908119391649961471557617
0.17563054460236240950088415502250427380204200744629
0.16386648525273378451672101618896704167127609252930
0.21452067035082608703611128930788254365324974060059
0.14114312410508131345743265683267964050173759460449
0.09427113484606376714314279752215952612459659576416
0.08113452935027465340311891850433312356472015380859
0.03637460974753162212813606402050936594605445861816
0.05331028589104720716296270666134660132229328155518
0.06834219618025194620258844224736094474792480468750
0.08365685872973260828189268067944794893264770507812
0.05594501513129319231198977036001451779156923294067
0.01589671637524996475332450529549532802775502204895
0.02357973580692897253019424397280090488493442535400
0.01932101337609774122094918880065961275249719619751
0.20875967213513754727749471840070327743887901306152
0.17991537688296577179869473184226080775260925292969
0.17456706600437857379581885197694646194577217102051
0.09921077308979511788500360580655978992581367492676
0.09697288054870548124064555395307252183556556701660
0.08038144283426314207208207562871393747627735137939
0.08722497572237031260300454960088245570659637451172
0.03377252092873044009291305656006443314254283905029
0.03342769586505458384584343889400770422071218490601
0.01428394298532005210478068590873590437695384025574
0.01500937560956563943115327219857135787606239318848
0.03975334786424813970917568894947180524468421936035
0.07451513899252931727446025433891918510198593139648
0.07441405298504778775825485581663087941706180572510
0.03868739789025375103159731793311948422342538833618
0.01652275302232553491621480645790143171325325965881
0.01610603758781787783749273046396410791203379631042
0.01489689952514744973599558619525851099751889705658
0.08959766146369819994621508385534980334341526031494
0.04112206031640561199047567697562044486403465270996
0.06938250639335720448830358009217889048159122467041
0.01665519421064095076379096838081750320270657539368
0.01695964994808070794296561700775782810524106025696
0.01398500925762618737890896625231107464060187339783
0.01860136907500374928159381227033009054139256477356
0.01615752711201711572241990211296069901436567306519
0.01440903201843856014374711804748585564084351062775
0.01372273793543621507595720032668396015651524066925
0.01891844643055825767041788765254750614985823631287
0.06094916042193684185823698840067663695663213729858
0.15549367149541190591399697495944565162062644958496
0.21667380155077556325160514916206011548638343811035
0.14801539432844273980194316209235694259405136108398
0.09820568712756774787386859770776936784386634826660
0.01593774712176628666204791784366534557193517684937
0.04155466073309365543364535255932423751801252365112
0.02647189183255969566199716780374728841707110404968
0.01823862597484265588021479231883859029039740562439
0.02169426015895595596938427718214370543137192726135
0.02255766907287284558925044564148265635594725608826
0.03911308355024431526736350406281417235732078552246
0.03792652542498965717587822155110188759863376617432
0.07449523106470752609187258030942757613956928253174
0.06034803003135916221744139420479768887162208557129
0.01617530307751613785627320396542927483096718788147
0.01601619875551727953388869707396224839612841606140
0.01632678291645036153245662546851235674694180488586
0.01617566003423150794438001298658491577953100204468
0.01625754285061396450795534462940850062295794487000
0.01600944464205266912215641639249952277168631553650
0.01569097925588828351672887606582662556320428848267
0.01547911476678470905909978938552740146405994892120
0.01623497791179392274463211265356221701949834823608
0.01660532863182742624452714608196401968598365783691
0.02428291765156899428834691434531123377382755279541
0.03735458855395731164739103746796899940818548202515
0.03899128262157950525201854929946421179920434951782
0.03500917399003912466870502839810797013342380523682
0.07510854458522123189290198297385359182953834533691
0.03814826983359814044360902585140138398855924606323
0.08743851443116186505921660909734782762825489044189
0.07936990326984101618013056622658041305840015411377
0.04581265074134580062015231760597089305520057678223
0.02611493052293416272657822219116496853530406951904
0.01626889495467074078782765411688160384073853492737
0.01664224360583617390307864525311742909252643585205
0.01591635218001417884092774102100520394742488861084
0.01624835271616540885442070418775983853265643119812
0.01822173581226558050638608676763396942988038063049
0.01441433358275254206226634323684265837073326110840
0.09322378545938675431514752744988072663545608520508
0.03805587586281454492986853210823028348386287689209
0.04958716251960937348997049411991611123085021972656
0.08053047518544981242527569520461838692426681518555
0.02536778646310731619162304184555978281423449516296
0.03391730590501758346722027681607869453728199005127
0.07819801009217530740613710804609581828117370605469
0.08580493536470690241202419201727025210857391357422
0.05700070657847280258812006081825529690831899642944
0.05095733721624856604748288191331084817647933959961
0.04062618560878818868564721356051450129598379135132
0.02767263055341268734865778355924703646451234817505
0.01428325094424954047611642238280182937160134315491
0.03736607619196114643544959221799217630177736282349
0.04093617361311009672508731682682991959154605865479
0.02957448985246483724731447750855295453220605850220
0.02654999258144801269065915505507291527464985847473
0.03829348043534041429181158378014515619724988937378
0.04446725287463165060541925299730792175978422164917
0.08154188752492294578466669463523430749773979187012
0.09561750345646245763386872340561239980161190032959
0.08154800303899358004944275535308406688272953033447
0.05111915817842270504112178741706884466111660003662
0.01635028798888632506347562411974649876356124877930
0.01245638476675954911532251401240500854328274726868
0.02802902545383744586926511033198039513081312179565
0.01982738099023213795835118844479438848793506622314
0.01767234241914695039299409984323574462905526161194
0.01559883587588566274118040411167385173030197620392
0.02382604655533369919506725409519276581704616546631
0.01653140711060748294092270782584819244220852851868
0.05142589644998123155072988765823538415133953094482
0.03712179139096127150621029500143777113407850265503
0.02037817728354658977640845307632844196632504463196
0.02207556013550459120264868317917716922238469123840
0.05158400571916425120244653612644469831138849258423
0.01885768873973474660243887512933724792674183845520
0.02013815492142493474014841581265500281006097793579
0.03329177657828862740840847322942863684147596359253
0.01598536443149486604986542204187571769580245018005
0.01618216912050020675484240939567825989797711372375
0.01726056005737461665483500894424651050940155982971
0.01516157725631875688443450655995548004284501075745
0.01447838631878846891998247059518689638935029506683
0.01430603151712353526825438621017383411526679992676
0.01565667689070647169979899615555041236802935600281
0.01529017555019758847767441523046727525070309638977
0.01609526499886507894254705774983449373394250869751
0.01620753811672537292309925760491751134395599365234
0.01624617172257294961390527987532550469040870666504
0.01616615412223473824404607057658722624182701110840
0.01613116155700999171385134900447155814617872238159
0.01622260908618029101591062612897076178342103958130
0.01612633539516111422229549532403325429186224937439
0.01622306116711630732951654465523461112752556800842
0.01611065179234713942713064227518771076574921607971
0.01353229125613464832456056541332145570777356624603
0.01860436611606478690683630361490941140800714492798
0.01410234827837852401855034401023658574558794498444
0.01500801514084654057767931334410604904405772686005
0.01619812092869433658992583957569877384230494499207
0.02443775594548023080698762043994065606966614723206
0.01748153076895294505410660690358781721442937850952
0.01451370065937511270870441393299188348464667797089
0.03265303778326242301055515326879685744643211364746
0.02012528985713303575355581642725155688822269439697
0.01703414438548619264102157444540353026241064071655
0.01696275804510846696437909031374147161841392517090
0.01549015389315454988006237613262783270329236984253
0.01579328373603951229942055078936391510069370269775
0.01431593467450275117269775648765062214806675910950
0.01565962925799382898794931406882824376225471496582
0.01476675006868968277606857242290061549283564090729
0.01480143946011667696605051958158583147451281547546
0.01483105279998198251789620627505428274162113666534
0.01586578077424216290380876159815670689567923545837
0.01639359473274060868819290703868318814784288406372
0.01379487189494001814216161960757744964212179183960
0.01655277716202975535342289958862238563597202301025
0.01458249181326488896903725844822474755346775054932
0.01484844075611079124155100572579613071866333484650
0.01425253032842337466701287951309495838358998298645
0.01609785812441691388308129262441070750355720520020
0.09958985527533632808871999486655113287270069122314
0.16887285586457351227451795239176135510206222534180
0.15709509984473618571243491714994888752698898315430
0.22304274845989674469493024844268802553415298461914
0.01546863531229654246945681705938113736920058727264
0.01430522198225817227801304198919751797802746295929
0.01672301917854263769713796250471204984933137893677
0.03433736903136454937657262576067296322435140609741
0.01777548545037041516359010984160704538226127624512
0.02931045291670751964940855316399392904713749885559
0.08783223905627485228464479405374731868505477905273
0.06401761943008191235726656032056780532002449035645
0.03812524895964647386747969903808552771806716918945
0.07524030113847590683917587739415466785430908203125
0.04367367168528959314732773577816260512918233871460
0.03801787388035565012911476401313848327845335006714
0.06373193083601826069983786737793707288801670074463
0.05328199153136152499410371774501982145011425018311
0.08059780851268928680841696632342063821852207183838
0.03276101614401259048969805576234648469835519790649
0.02884842760576994402654804616759065538644790649414
0.02327991937345985640206436073640361428260803222656
0.01805277588246010506134453521553950849920511245728
0.01646051888134920232475977286412671674042940139771
0.01485462456121843140277594130793659132905304431915
0.01695978667990710384017027934078214457258582115173
0.01574578868432742473348895373419509269297122955322
0.01612242777127823392668837243490997934713959693909
0.01623729068721643450934344343750126427039504051208
0.01617111356987551221142673796293820487335324287415
0.01609111885888622750506726788444211706519126892090
0.01592591087712196332160097256291919620707631111145
0.01627792762505447451970574945789849152788519859314
0.01631772194744249282472026152390753850340843200684
0.01593760012626108807376468234906496945768594741821
0.01634672501396444363463977822448214283213019371033
0.01606754225550717507520204208049108274281024932861
0.01625961110143305660136192614118044730275869369507
0.01612467302189255630162634247426467482000589370728
0.01583638857887950321390313490610424196347594261169
0.01549285449151494020725294831208884716033935546875
0.01565045686642406799760074420646560611203312873840
0.01616068068884393693629419885837705805897712707520
0.01482642522966582353249886949697611271403729915619
0.01500064732887339616351773941005376400426030158997
0.01419611698421606102438197183346346719190478324890
0.02210226599815944339977313859435525955632328987122
0.02347927595501043268599872249069449026137590408325
0.01408998200707427261857418443469214253127574920654
0.01443168862555801838787328250646169180981814861298
0.01383850256432283924723503076847919146530330181122
0.01617935274288657965247040237954934127628803253174
0.01606470852369610777254926858859107596799731254578
0.01622400203343754912510554788696026662364602088928
0.01612491901053937637389168457957566715776920318604
0.01613118580880663552323817100386804668232798576355
0.01603978977194065597133842970833939034491777420044
0.01603847928941684597425876290799351409077644348145
0.01625070913109495640558321838398114778101444244385
0.01641749346981992430105634639403433538973331451416
0.01574487584275146428991476454939402174204587936401
0.01596365556026818621759844063490163534879684448242
0.01592640962143536051409675735612836433574557304382
0.01614213142048136900852384201243694406002759933472
0.01620829840749042280445557651091803563758730888367
0.01581147914638836304845881386427208781242370605469
0.01617883130601583188679093439077405491843819618225
0.01400796310692230088601473170228928211145102977753
0.01747039287652240452386465108247648458927869796753
0.01341839589263644182126622439454877167008817195892
0.02251807650319389772497480350921250646933913230896
0.01599172720059864258312920526350353611633181571960
0.04313692980914692748362071483825275208801031112671
0.04011674707053184546490243178595846984535455703735
0.07467038033479118930291207334448699839413166046143
0.07360879453571560204760970691495458595454692840576
0.01729505306582849663565859543723490787670016288757
0.01801588368077160912106293721990368794649839401245
0.01421239378709241232834337154145032400265336036682
0.01380550282937582744213766972052326309494674205780
0.01535869268972161680308907705239107599481940269470
0.01653972136537923409704831101407762616872787475586
0.01892287811843437750347618475643685087561607360840
0.01442989706528847136668414208315880387090146541595
0.01423050044528397471699232568198567605577409267426
0.01619679374004810365472728506119892699643969535828
0.01590090210684699453813628622356191044673323631287
0.01625103202047604999957997051751590333878993988037
0.01645903764623885337514686000304209301248192787170
0.01580397603445484258632980356651387410238385200500
0.01647768519764764363899622878761874744668602943420
0.01566349065540976678856388559779588831588625907898
0.01533907793626935849029546687916081282310187816620
0.01493482372841548923292354089653599658049643039703
0.01584360746166124656042484275531023740768432617188
0.01631079396699961978067783263668388826772570610046
0.01617792146718137827332562039828189881518483161926
0.01465639630040016343215381056097612599842250347137
0.01576809166889566252156562597974698292091488838196
0.01508295368281682528877052362759059178642928600311
0.01409982137165042420656746458007546607404947280884
0.01712416408311067533842830812318425159901380538940
0.01478383861328214435304495566469995537772774696350
0.01681364205073816384117257882735430030152201652527
0.01559976668806962486757416996852043666876852512360
0.01498175438704755189911477231134995236061513423920
0.01482134297724684544872442160112768760882318019867
0.01418221411621473082576017077371943742036819458008
0.01889316785595728312441288210266066016629338264465
0.01424364209919718425589874044590033008717000484467
0.01559988707651251312047424590900845942087471485138
0.01604194722392603134064614778253599070012569427490
0.01788477216031017502650968253874452784657478332520
0.02567165618530244108885796094909892417490482330322
0.04097267607928055388466503927702433429658412933350
0.06184101442684809130101442065097216982394456863403
0.07231921506379621056304074500076239928603172302246
0.03915869749137763922153254725344595499336719512939
0.03055177957042946521037940499354590428993105888367
0.01418701500660556232003006726927196723408997058868
0.01664584705739080919273398251334583619609475135803
0.03798694296589144592246611864538863301277160644531
0.02757253468785066108370784832004574127495288848877
0.03983292782450220670398266520351171493530273437500
0.01489549229249558306986678246630617650225758552551
0.01861933084606180385800477949942433042451739311218
0.01509306561375035535266242447960394201800227165222
0.01460492056865601677440036354482799652032554149628
0.01416828196106777008889121560741841676644980907440
0.01618526357880458940718959581772651290521025657654
0.02451465431414692058842419442044047173112630844116
0.01931038804971150352196573862784134689718484878540
0.01558047865241519482071286262225839891470968723297
0.01483918836980977103146006612632845644839107990265
0.01530197056598513183356402578283450566232204437256
0.01521783624348943542159418029768858104944229125977
0.01423783398095694076312955900220913463272154331207
0.01593527700490090376339580302555987145751714706421
0.01429668065661945756950057528911202098242938518524
0.01370957148902969199855128579201846150681376457214
0.01592546772432480370329521690564433811232447624207
0.01731693943218436462783138551912998082116246223450
0.01866790309356367374982177409492578590288758277893
0.01517422014965295710975379250839978340081870555878
0.01633877355757774527122982988203148124739527702332
0.01630212804261765152658014699227351229637861251831
0.01594971950089082990409394824382616207003593444824
0.01609160027332480133455128168407100019976496696472
0.01600928677854781406741935256832221057265996932983
0.01538102118572081712655208463047529221512377262115
0.01653241761578648494346310826585977338254451751709
0.01514621273924893554707615805909881601110100746155
0.01559914393954073968950879702788370195776224136353
0.01575136778773012294352362516747234622016549110413
0.01512001990331323861282974974074022611603140830994
0.01466453550192062423029870643631511484272778034210
0.01631439472412026317482691695204266579821705818176
0.01641660114285377683462918696477572666481137275696
0.01860633398665934024052148743066936731338500976562
0.01550894924838261065835887109187751775607466697693
0.01356901225159616239390736325276520801708102226257
0.01487489811261907476924726267952792113646864891052
0.01411788600903346457826614823716226965188980102539
0.02263636234875958733181455784233548911288380622864
0.02959764618661124557785768729445408098399639129639
0.01686924346655898146463137265982368262484669685364
0.01450077343945240654354833509387390222400426864624
0.01705493644452702600711191394111665431410074234009
0.01469859687333613558479772365217286278493702411652
0.01772349727825735937747353432314412202686071395874
0.02777790092535814200913613092325249454006552696228
0.04036518452843251836270610510837286710739135742188
0.05369400991979238896290027582836046349257230758667
0.03705280630269874170279464919985912274569272994995
0.05368846074046127597734212599789316300302743911743
0.08436751248982612971794026179850334301590919494629
0.07309035185352288910287654744024621322751045227051
0.04226454270606219004724479759715904947370290756226
0.03154335248766478722037831516900041606277227401733
0.02227133946583188112144924275526136625558137893677
0.03133887291154652254832058133615646511316299438477
0.01586814733029881518966419662319822236895561218262
0.01636081937869094532489455673385236877948045730591
0.01598314445526445928824621489638957427814602851868
0.01631402331614377823609807194316090317443013191223
0.01629001426103811323020664758587372489273548126221
0.01610212364112244970426601753388240467756986618042
0.01619247695912729920197925537195260403677821159363
0.01634769479837790140397402183225494809448719024658
0.01611389338194622877775685765300295315682888031006
0.01596459494432068276781322424540121573954820632935
0.01630542380754660194974725584415864432230591773987
0.01511722539072012615191109574652728042565286159515
0.01509579498952590657923078509838887839578092098236
0.01509963557931826190483537430964133818633854389191
0.01557396883561512450355746040031590382568538188934
0.01572712429942155210049747893208405002951622009277
0.01515129854483394586384115143573581008240580558777
0.01631603863219057565236980167355795856565237045288
0.01475407399869449812102040198169561335816979408264
0.01505614687701909912287412396381114376708865165710
0.01558350567038878885239849836352732381783425807953
0.10261607015332287196063276724089519120752811431885
0.06677319768312287018297013219125801697373390197754
0.01533872863337727536492405278067963081412017345428
0.01909650928937449074207499677413579775020480155945
0.01786418434258122897584364352496777428314089775085
0.01375155309999084515815148677120305364951491355896
0.01655963954377520294669601241821510484442114830017
0.01507522691869954585552893178146405261941254138947
0.01424818471427349506064352624434832250699400901794
0.01381466749481518978270866426782959024421870708466
0.01435601855145665628477047448541270568966865539551
0.01493926841794846957500730866286176024004817008972
0.01873110831001880208224186219467810587957501411438
0.01737906068582189753057853920381603529676795005798
0.01804762724883260047170630002710822736844420433044
0.03042565738307279749053080308840435463935136795044
0.02619941160047050549009028941327414941042661666870
0.01458231011732182350049136232428281800821423530579
0.01568461113420764260761863795323733938857913017273
0.01612665562392187959539491259874921524897217750549
0.01610427774010907489565802563902252586558461189270
0.01596663270439771173392351499842334305867552757263
0.01667110959110017567863515353110415162518620491028
0.01540777515344872103386641981614957330748438835144
0.01586632167704645976491484304915502434596419334412
0.01606981954921849614636997216621239203959703445435
0.01616095099316712524473160783600178547203540802002
0.01619323375949751828151157440061069792136549949646
0.01520702265489510228435587890771785168908536434174
0.01494233864245130861958532619837569654919207096100
0.01398722790926847613091066335755385807715356349945
0.01592927328600596617591556025672616669908165931702
0.01468800856971052941346567166647218982689082622528
0.01550371166028812267012604309002199443057179450989
0.01516930269383573448571667086071101948618888854980
0.01478812977008261107803033240770673728547990322113
0.01708518516302484288593710459736030315980315208435
0.01447358656028083744027323831460307701490819454193
0.01696046457156335368621213888218335341662168502808
0.01405722055082496771416522562958562048152089118958
0.02086689352489289051018062082221149466931819915771
0.01606260326971045357402623210418823873624205589294
0.01611549337607603993305360745580401271581649780273
0.01594051151626277307293833018775330856442451477051
0.01598403297680850085327186604899907251819968223572
0.01607139084780465770885271581391862127929925918579
0.01593371500791617920156362231409730156883597373962
0.01626195889158872642799025243220967240631580352783
0.01597718008236207604122469660978822503238916397095
0.01631828297235759020478162995004822732880711555481
0.01535601905382499160479525812661449890583753585815
0.01648459033025340136902059384738095104694366455078
0.01612799955824415279459493888225551927462220191956
0.01608409186988182804078917342849308624863624572754
0.01625064130135341761151934747431369032710790634155
0.01608589801363900090303005185887741390615701675415
0.01619743986253941239739084778648248175159096717834
0.01611910423128571148709831106771162012591958045959
0.01593434775896597141442434519831294892355799674988
0.01624670220532106398869665042639098828658461570740
0.01616902259887712661745595710272027645260095596313
0.01616310991331190369257875261155277257785201072693
0.01612718724534813879989414431292971130460500717163
0.01611351683474870552514879307182127377018332481384
0.01623492612102599846890527146570093464106321334839
0.01609659276539541356010332151527109090238809585571
0.01659480005746461622750942410675634164363145828247
0.01383486768776359503163586595064771245233714580536
0.01563947698291849250362695045168948126956820487976
0.01614161584694996307010050884400698123499751091003
0.01461979612191021890565956198315689107403159141541
0.01375953665937430098198390737707086373120546340942
0.01545759370007472946473292552127531962469220161438
0.01453003774523130460505360161960197729058563709259
0.01636596405142248106256985806794546078890562057495
0.02972836747072271981751079295008821645751595497131
0.01411858187273646279835670469537944882176816463470
0.03260284386008673734869134364089404698461294174194
0.01615154807465801409249728237682575127109885215759
0.01617349371690892864683597451858076965436339378357
0.01350083305146840967347898754269408527761697769165
0.01295659822537446360934954014965114765800535678864
0.01429044423690891893463650319517910247668623924255
0.01577064811059227314449238122051610844209790229797
0.01631587427084325164772238281329919118434190750122
0.01551061342968749340309742024146544281393289566040
0.01600229409248166839718763299060810822993516921997
0.01595719414543814856921599698580394033342599868774
0.01616705825979569688399806182133033871650695800781
0.01580939966230042459383042796616791747510433197021
0.01640519955488578887625727986687707016244530677795
0.01599225185577590746532905541243962943553924560547
0.01588263624745134272586710721952840685844421386719
0.01619919144268663208086067584190459456294775009155
0.01670354183218902832663843582849949598312377929688
0.01565061234961817940303241414312651613727211952209
0.01462471411850187544279044971062830882146954536438
0.01506110479349633338164160534233815269544720649719
0.01685560669968896863046836642752168700098991394043
0.01875000617314649675737570078126736916601657867432
0.01388403423988500071106777511431573657318949699402
0.01371108955908346277441367533356242347508668899536
0.01651823107467636359002582935318059753626585006714
0.01545504547589856073064318309207010315731167793274
0.01654027387388760234054885245313926134258508682251
0.01514770758502196994210731162411320838145911693573
0.01629757853309736145841490895236347569152712821960
0.01632579404176924195435383069252566201612353324890
0.01590026367224916387099753478651109617203474044800
0.01615207574630203590793087187194032594561576843262
0.01578216061737223660510487377450772328302264213562
0.01484653181253866270628005707976626581512391567230
0.01403018495605458555719469160294465837068855762482
0.01460090686460252008826987690781606943346560001373
0.01803850141897954048597618736948788864538073539734
0.02293064865875932972771877871309698093682527542114
0.01796312842465867462560247247438383055850863456726
0.01699360828029921818838055003197951009497046470642
0.01599178283220711524470480924264847999438643455505
0.01284915327734565543282840849315107334405183792114
0.01604593683250590471778274093139771139249205589294
0.01415868435263526251000065769858338171616196632385
0.02323005561849540018259929752275638747960329055786
0.01681887915198513813730407662205834640190005302429
0.01371604919154920630697258587815667851828038692474
0.01664806301969148222275052262375538703054189682007
0.01572944587073957234402143967599840834736824035645
0.01345414063822473159370840534165836288593709468842
0.01462061443563950936808115699250265606679022312164
0.01476338621654033934904592939574285992421209812164
0.01416122220086931011995279305892836418934166431427
0.01610261056048483199742982208135799737647175788879
0.01588919524898585802774597652842203387990593910217
0.01599155395196222989584455831391096580773591995239
0.01482957368132269658500543840773389092646539211273
0.01432943289467003382398058164426402072422206401825
0.01568787075670427175189125534870981937274336814880
0.01657529199687623328030028346802282612770795822144
0.01381336772068890786369088630181067856028676033020
0.01477411847226246105480029768841632176190614700317
0.01512065959094436445875331287425069604068994522095
0.01612815406733124692917336062691902043297886848450
0.01426579921531365147124859049654332920908927917480
0.01651244811593602021537741109113994752988219261169
0.01575886295038233034238039920182927744463086128235
0.01597477170804860457931084738447680138051509857178
0.01626965431079619578413897329483006615191698074341
0.01638081476560360530414506285978859523311257362366
0.01702013244639141720249142508691875264048576354980
0.01605009587677361931890018809099274221807718276978
0.01620032330050650073993701028030045563355088233948
0.01618368929863358771092940457947406684979796409607
0.01606818604476582812434770630716229788959026336670
0.01593958715538930023813968261947593418881297111511
0.01806812618440206685832549737824592739343643188477
0.02328367223310948141978826697595650330185890197754
0.01387306777587667648565794564774478203617036342621
0.01367545541406956811913975258221398689784109592438
0.01414173048772821364438279090336436638608574867249
0.03823292774526029780268743252236163243651390075684
0.02098122756347545539434840122794412309303879737854
0.01575830386022281787150589593693439383059740066528
0.01869346089503532218345505100387526908889412879944
0.01447313525832645379753937930900065111927688121796
0.01495811316241219338096790636427613208070397377014
0.01491960171117673664142877498761663446202874183655
0.01569346086330926717811173887184850173071026802063
0.01858703167623136642827574860348249785602092742920
0.01795018512979350278069290425264625810086727142334
0.01547691434844179238228267792010228731669485569000
0.01888727008485347608202076230554666835814714431763
0.01998759156732457867300389864340104395523667335510
0.01516673564087019261681366089078437653370201587677
0.01539732689487612223022683366480123368091881275177
0.01686565139825373788040607792027003597468137741089
0.01575639349183394558040482991145836422219872474670
0.01441731878013005792305012420229104463942348957062
0.01696175120344723882825910266092250822111964225769
0.01874626931450533787182344269695022376254200935364
0.01718560962495369742741857521650672424584627151489
0.01642738960261295663722869164757867110893130302429
0.01617868928839872461056259567158122081309556961060
0.01549162183078000958047493185176790575496852397919
0.01635181506375142992948390485707932384684681892395
0.01667896235546846572805890218660351820290088653564
0.01530900053841089715478407384807724156416952610016
0.01605964396757362383505451930432172957807779312134
0.01583594424171507961118798846200661500915884971619
0.01566919021111413262703493387562048155814409255981
0.01609128048782148753814702502040745457634329795837
0.01576131823471077497700321146112401038408279418945
0.01546178057371068101377709069765842286869883537292
0.01577647857303338119194791033805813640356063842773
0.01638302820005690246807361631908861454576253890991
0.01554433121068056131153234389330464182421565055847
0.01683785505626444328752810974947351496666669845581
0.01636640955526462090641182101080630673095583915710
0.01434326639449151966076989594967017183080315589905
0.01407654418528521758635640992451953934505581855774
0.01991931741209406955817051709800580283626914024353
0.02177434587291312076406946118822816060855984687805
0.01889682878711097108181959924877446610480546951294
0.01417793814376779211461343521705202874727547168732
0.01486515195014302334608480293809407157823443412781
0.01617431090023203205108259794542391318827867507935
0.01417997695083368821233893442013140884228050708771
0.01530131151157252539229958188116142991930246353149
0.01778952676972252525122719646333280252292752265930
0.01548423040251832930036535174167511286213994026184
0.01559917131024474504230603599808091530576348304749
0.01648311582940810079978000146638805745169520378113
0.01615531190169991471172750152618391439318656921387
0.01462892526094057392416214469221813487820327281952
0.01628410120369128133432923277723602950572967529297
0.01597809009345718331274177614886866649612784385681
0.01608605089644666794046479196822474477812647819519
0.01615090446988991582100148036715836497023701667786
0.01631567349696821586646500179540453245863318443298
0.01589562542230682842814282196286512771621346473694
0.01625651083690352050048488763422938063740730285645
0.01620524653429846265173530639458476798608899116516
0.01581016077875602512947672551035793730989098548889
0.01583051501629597831999340940001275157555937767029
0.01549274292078882918344273633692864677868783473969
0.01552581519883071761722881376499572070315480232239
0.01622729232281611144728117324120830744504928588867
0.01496362063652091449472703033052312093786895275116
0.01455531677550360274142615679693335550837218761444
0.01453722643466729552708116557369066867977380752563
0.01611115495593917062988609245621773879975080490112
0.01543053445575320176130773575096100103110074996948
0.01563955758915051147406316545129811856895685195923
0.01653323438667907846477689304265368264168500900269
0.01545865921360654177130200537249038461595773696899
0.01700526208084904983275364998007717076689004898071
0.01617710278818933894440235121692239772528409957886
0.01501981790710368164232235699273587670177221298218
0.01661249170067065350497870213075657375156879425049
0.01606358629366519755188313922644738340750336647034
0.01634614407508165265237032315326359821483492851257
0.01518916000880086644708732990238786442205309867859
0.01566032978797642777335497044077783357352018356323
0.01610267466699100147309309249976649880409240722656
0.01565698605079897387515330819951486773788928985596
0.01614925229450165505840075752530538011342287063599
0.01643244115910239694366978824291436467319726943970
0.01616018290250762282078689224817935610190033912659
0.01599158441786007606166819527970801573246717453003
0.01599307553775684495600550860672228736802935600281
0.01633405247884847297235033636297885095700621604919
0.01620759086558807432476569942991773132234811782837
0.01628977397198250534615660001236392417922616004944
0.01633147088529258994515913627765257842838764190674
0.01597769595285410820784122165605367626994848251343
0.01745573751532100356675947239182278281077742576599
0.01639978668048479304442111015305272303521633148193
0.01605187502910959337909524435872299363836646080017
0.01695462524821722202772456000730016967281699180603
0.01341803133249411424110508761486926232464611530304
0.01520809797042938817102086801469340571202337741852
0.01726811625312197825965476738474535522982478141785
0.01585320289201255783417821021430427208542823791504
0.03406035872490163068926349865250813309103250503540
0.02336331496347822042625175242847035406157374382019
0.03827740465364431327044414388183213304728269577026
0.06512252385582603664282430599996587261557579040527
0.05462261271076452456840755189659830648452043533325
0.08061080069111620227673142835556063801050186157227
0.01423022988074066318142651965672484948299825191498
0.01688982116878375017154922943518613465130329132080
0.01556122492838476860377294741510922904126346111298
0.01480239360768128252521247389950076467357575893402
0.02591234943446087471419225778390682535246014595032
0.04281554430508066610983064492756966501474380493164
0.02423617998750134810981293753684440162032842636108
0.01573523577622149005605933780316263437271118164062
0.01791303448995363797879853962058405159041285514832
0.01997412489942497135220200732419471023604273796082
0.01448303012173269947726605977322833496145904064178
0.01655135151380966382350656829203217057511210441589
0.01702611949860056983485634418684639967978000640869
0.01602096809278665684450615458445099648088216781616
0.01467216133565012181616538100570323877036571502686
0.01638431509138201999653539076007291441783308982849
0.01434293051467248371333429446394802653230726718903
0.01546395391371718427975245901961898198351263999939
0.01557750447393050144406778656502865487709641456604
0.01558517670125018558802132417895336402580142021179
0.01486396565975821315586102855377248488366603851318
0.01497949489222430777268790791367791825905442237854
0.01589942965660970375374461127648828551173210144043
0.01356655028540175965401370916652012965641915798187
0.01486863622127023581986904332552512641996145248413
0.01366943816791474711203058234332274878397583961487
0.01682767539474806783861282610814669169485569000244
0.01600909519742174658141209420136874541640281677246
0.01645780818569003364770786390636203577741980552673
0.01670015878872733311455434090930793900042772293091
0.01558034888901140870010042505100500420667231082916
0.01583155084404130538699995156548538943752646446228
0.01535377335721673647261908968175703193992376327515
0.01645021221454439838693950548531574895605444908142
0.01554760988592753835624282743310686782933771610260
0.02448123644397160597607765453176398295909166336060
0.01913550606028621703380565577390370890498161315918
0.01788855493089396356265474707925022812560200691223
0.03484828278931367123716356104523583780974149703979
0.01976832204792397171266848943105287617072463035583
0.01590620682905583352373390937373187625780701637268
0.01628212975641564821960294295877247350290417671204
0.01618151173728029149079254978005337761715054512024
0.01609025477053300026697435498590493807569146156311
0.01576567497833698469622554227953514782711863517761
0.01578918047157716955664064073516783537343144416809
0.01609360173068721810984982312220381572842597961426
0.01587790918061468548039272263849852606654167175293
0.01603405546770797149291887251365551492199301719666
0.01598261073862939848910791340586001751944422721863
0.01473594176228720104004921154228213708847761154175
0.01674924177797468966000238310698478017002344131470
0.01456999422638306611321734607145117479376494884491
0.01678661856712537411850938440238678595051169395447
0.01545869395370768305253417196354348561726510524750
0.01544902267528020303744007435398089000955224037170
0.01605148139033387919005768651459220563992857933044
0.01703761350616826708570528126074350439012050628662
0.01515088717253731259715365808915521483868360519409
0.01485406095033499178359459591547420131973922252655
0.01698365310117602722250751412502722814679145812988
0.01706497339737622631616886792471632361412048339844
0.01478233955386344319893332510673644719645380973816
0.01551077102673971419566356644281768240034580230713
0.01581500254279385661582146838100015884265303611755
0.01603658936268969811833606797790707787498831748962
0.01513408194860156597005840239944518543779850006104
0.01742623825476781115884072903554624645039439201355
0.01414430073578971588932340353039762703701853752136
0.01565956787009607081850859344740456435829401016235
0.01527754431335603263475420021677564363926649093628
0.01633669862051873727937234548335254658013582229614
0.01612729034161236932320981907196255633607506752014
0.01474676122913452271101508728179396712221205234528
0.01642569178049197234359191099883901188150048255920
0.01622592037188993682739202029097214108332991600037
0.01632504966326079470784193858889921102672815322876
0.01671755999508698145583629468546860152855515480042
0.01691759514189589141963665497314650565385818481445
0.01672168498212791426515977377675881143659353256226
0.01623782561868311949404564131782535696402192115784
0.01503817675338607606772001190620358102023601531982
0.01351004073443659234121660972505196696147322654724
0.01735837929337320090228402591492340434342622756958
0.01580924394286902651129977925847924780100584030151
0.01490451070890033181959299923846629098989069461823
0.01640663197343710660858207006640441250056028366089
0.01686796593900133367505134174280101433396339416504
0.01673089555461985955542303372567403130233287811279
0.01588369457091912129165223177551524713635444641113
0.01627825386330220697184145706160052213817834854126
0.01675116357645667700126956844997039297595620155334
0.01485240670366586718253998355976364109665155410767
0.01652329355150285519759911778692185180261731147766
0.01577113992880270140761744812607503263279795646667
0.01606096796952330776897532871316798264160752296448
0.01632959981553452205593757184942660387605428695679
0.01624684353504922754152239861014095367863774299622
0.01664064208040997444593145360158814582973718643188
0.01623390343451579231892623056410229764878749847412
0.01633370139292318612422860724109341390430927276611
0.01611794023706596135081525744681130163371562957764
0.01632943943619051194171554186596040381118655204773
0.01610752627697304220633078841729002306237816810608
0.01624708595563619656365617061055672820657491683960
0.01612105631469894218010807662722072564065456390381
