1.0949e-022
1.0949e-022
1.0949e-022
1.0949e-022
1.6424e-022
1.6424e-022
2.1898e-022
2.7373e-022
3.2848e-022
3.8322e-022
3.8322e-022
3.8322e-022
3.2848e-022
3.2848e-022
3.2848e-022
3.2848e-022
3.2848e-022
3.3286e-022
3.8322e-022
4.5769e-022
5.4746e-022
6.5695e-022
7.117e-022
7.117e-022
8.2119e-022
8.7594e-022
8.7594e-022
9.0222e-022
9.6463e-022
1.0818e-021
1.2044e-021
1.3709e-021
1.5329e-021
1.5876e-021
1.7223e-021
1.949e-021
2.1898e-021
2.1417e-021
1.915e-021
1.6336e-021
1.4781e-021
1.3446e-021
1.2044e-021
1.1497e-021
1.1497e-021
1.1497e-021
1.1497e-021
1.1497e-021
1.1497e-021
1.1803e-021
1.2975e-021
1.4147e-021
1.4781e-021
1.5876e-021
1.6424e-021
1.5876e-021
1.5329e-021
1.5154e-021
1.6325e-021
1.8592e-021
2.3103e-021
3.022e-021
4.6424e-021
6.9351e-021
7.4641e-021
5.9235e-021
3.5334e-021
2.2862e-021
1.7398e-021
1.5329e-021
1.5329e-021
1.7322e-021
2.0136e-021
2.2402e-021
2.3574e-021
2.4088e-021
2.3541e-021
2.4088e-021
2.3201e-021
2.1898e-021
2.1843e-021
2.1898e-021
2.1898e-021
2.1351e-021
2.1099e-021
2.0804e-021
2.1756e-021
2.3475e-021
2.5183e-021
2.6278e-021
2.7373e-021
2.9256e-021
3.207e-021
3.5279e-021
3.7698e-021
3.887e-021
3.8793e-021
3.7775e-021
3.9647e-021
4.2461e-021
4.4728e-021
4.5899e-021
4.5987e-021
4.3731e-021
4.037e-021
3.8322e-021
3.8322e-021
3.8322e-021
3.7775e-021
3.7227e-021
3.668e-021
3.7358e-021
3.9833e-021
4.4652e-021
5.1264e-021
6.0223e-021
7.5792e-021
9.5647e-021
1.135e-020
1.3003e-020
1.448e-020
1.527e-020
1.6742e-020
2.0284e-020
2.4119e-020
2.4778e-020
2.1891e-020
1.6177e-020
1.1522e-020
8.5205e-021
6.6077e-021
5.4109e-021
4.6241e-021
4.1257e-021
3.7271e-021
3.3287e-021
3.0253e-021
2.7921e-021
2.6278e-021
2.6914e-021
2.8633e-021
3.1446e-021
3.3713e-021
3.5038e-021
3.449e-021
3.1753e-021
2.6672e-021
2.2138e-021
1.8384e-021
1.557e-021
1.3852e-021
1.2592e-021
1.1497e-021
1.0402e-021
9.7118e-022
8.7594e-022
8.2119e-022
7.6645e-022
7.6645e-022
7.117e-022
6.5695e-022
6.5695e-022
6.0221e-022
6.0221e-022
6.0221e-022
5.5837e-022
5.4746e-022
5.4746e-022
5.4746e-022
4.9272e-022
4.9272e-022
4.9272e-022
4.9272e-022
4.4229e-022
4.3797e-022
4.2707e-022
3.8322e-022
3.8322e-022
3.8322e-022
3.8322e-022
3.2848e-022
3.2848e-022
3.2848e-022
3.2848e-022
3.2848e-022
2.7373e-022
2.7373e-022
2.7373e-022
2.7373e-022
2.7373e-022
2.7373e-022
